"id","name","cr","xp","hp","ac","str","dex","con","int","wis","cha","actions","description","tags","source"
"1","Aboleth","10.0","5900","135","17","21","9","15","18","15","18","Multiattack (3 Tentacle); Tentacle: +9; 2d6+5 Bludgeoning + 1d12 Acid; Tail: +9; 3d6+5 Bludgeoning; Enslave","Amphibious: The aboleth can breathe air and water.; Mucous Cloud: While underwater the aboleth is surrounded by transformative mucus. A creature that touches the aboleth or that hits it with a melee attack while within 5 ft. of it must make a DC 14 Constitution saving throw. On a failure the creature is diseased for 1d4 hours. The diseased creature can breathe only underwater.; Probing Telepathy: If a creature communicates telepathically with the aboleth the aboleth learns the creature's greatest desires if the aboleth can see the creature.","aberration; lawful evil","SRD 5.1"
"2","Acolyte","0.25","50","9","10","10","10","10","10","14","11","Club: +2; 1d4 Bludgeoning","Spellcasting: The acolyte is a 1st-level spellcaster. Its spellcasting ability is Wisdom (spell save DC 12 +4 to hit with spell attacks). The acolyte has following cleric spells prepared:\\n\\n- Cantrips (at will): light sacred flame thaumaturgy\\n- 1st level (3 slots): bless cure wounds sanctuary","humanoid; any alignment","SRD 5.1"
"3","Adult Black Dragon","14.0","11500","195","19","23","14","21","14","13","17","Multiattack (1 Frightful Presence, 1 Bite, 2 Claw); Bite: +11; 2d10+6 Piercing + 1d8 Acid; Claw: +11; 2d6+6 Slashing; Tail: +11; 2d8+6 Bludgeoning; Frightful Presence; Acid Breath: 12d8 Acid","Amphibious: The dragon can breathe air and water.; Legendary Resistance: If the dragon fails a saving throw it can choose to succeed instead.","dragon; chaotic evil","SRD 5.1"
"4","Adult Blue Dragon","16.0","15000","225","19","25","10","23","16","15","19","Multiattack (1 Frightful Presence, 1 Bite, 2 Claw); Bite: +12; 2d10+7 Piercing + 1d10 Lightning; Claw: +12; 2d6+7 Slashing; Tail: +12; 2d8+7 Bludgeoning; Frightful Presence; Lightning Breath: 12d10 Lightning","Legendary Resistance: If the dragon fails a saving throw it can choose to succeed instead.","dragon; lawful evil","SRD 5.1"
"5","Adult Brass Dragon","13.0","10000","172","18","23","10","21","14","13","17","Multiattack (1 Frightful Presence, 1 Bite, 2 Claw); Bite: +11; 2d10+6 Piercing; Claw: +11; 2d6+6 Slashing; Tail: +11; 2d8+6 Bludgeoning; Frightful Presence; Breath Weapons","Legendary Resistance: If the dragon fails a saving throw it can choose to succeed instead.","dragon; chaotic good","SRD 5.1"
"6","Adult Bronze Dragon","15.0","13000","212","19","25","10","23","16","15","19","Multiattack (1 Frightful Presence, 1 Bite, 2 Claw); Bite: +12; 2d10+7 Piercing; Claw: +12; 2d6+7 Slashing; Tail: +12; 2d8+7 Bludgeoning; Frightful Presence; Breath Weapons","Amphibious: The dragon can breathe air and water.; Legendary Resistance: If the dragon fails a saving throw it can choose to succeed instead.","dragon; lawful good","SRD 5.1"
"7","Adult Copper Dragon","14.0","11500","184","18","23","12","21","18","15","17","Multiattack (1 Frightful Presence, 1 Bite, 2 Claw); Bite: +11; 2d10+6 Piercing; Claw: +11; 2d6+6 Slashing; Tail: +11; 2d8+6 Bludgeoning; Frightful Presence; Breath Weapons","Legendary Resistance: If the dragon fails a saving throw it can choose to succeed instead.","dragon; chaotic good","SRD 5.1"
"8","Adult Gold Dragon","17.0","18000","256","19","27","14","25","16","15","24","Multiattack (1 Frightful Presence, 1 Bite, 2 Claw); Bite: +14; 2d10+8 Piercing; Claw: +14; 2d6+8 Slashing; Tail: +14; 2d8+8 Bludgeoning; Frightful Presence; Breath Weapons","Amphibious: The dragon can breathe air and water.; Legendary Resistance: If the dragon fails a saving throw it can choose to succeed instead.","dragon; lawful good","SRD 5.1"
"9","Adult Green Dragon","15.0","13000","207","19","23","12","21","18","15","17","Multiattack (1 Frightful Presence, 1 Bite, 2 Claw); Bite: +11; 2d10+6 Piercing + 2d6 Poison; Claw: +11; 2d6+6 Slashing; Tail: +11; 2d8+6 Bludgeoning; Frightful Presence; Poison Breath: 16d6 Poison","Amphibious: The dragon can breathe air and water.; Legendary Resistance: If the dragon fails a saving throw it can choose to succeed instead.","dragon; lawful evil","SRD 5.1"
"10","Adult Red Dragon","17.0","18000","256","19","27","10","25","16","13","21","Multiattack (1 Frightful Presence, 1 Bite, 2 Claw); Bite: +14; 2d10+8 Piercing + 2d6 Fire; Claw: +14; 2d6+8 Slashing; Tail: +14; 2d8+8 Bludgeoning; Frightful Presence; Fire Breath: 18d6 Fire","Legendary Resistance: If the dragon fails a saving throw it can choose to succeed instead.","dragon; chaotic evil","SRD 5.1"
"11","Adult Silver Dragon","16.0","15000","243","19","27","10","25","16","13","21","Multiattack (1 Frightful Presence, 1 Bite, 2 Claw); Bite: +13; 2d10+8 Piercing; Claw: +13; 2d6+8 Slashing; Tail: +13; 2d8+8 Bludgeoning; Frightful Presence; Breath Weapons","Legendary Resistance: If the dragon fails a saving throw it can choose to succeed instead.","dragon; lawful good","SRD 5.1"
"12","Adult White Dragon","13.0","10000","200","18","22","10","22","8","12","12","Multiattack (1 Frightful Presence, 1 Bite, 2 Claw); Bite: +11; 2d10+6 Piercing + 1d8 Cold; Claw: +11; 2d6+6 Slashing; Tail: +11; 2d8+6 Bludgeoning; Frightful Presence; Cold Breath: 12d8 Cold","Ice Walk: The dragon can move across and climb icy surfaces without needing to make an ability check. Additionally difficult terrain composed of ice or snow doesn't cost it extra moment.; Legendary Resistance: If the dragon fails a saving throw it can choose to succeed instead.","dragon; chaotic evil","SRD 5.1"
"13","Air Elemental","5.0","1800","90","15","14","20","14","6","10","6","Multiattack (2 Slam); Slam: +8; 2d8+5 Bludgeoning; Whirlwind","Air Form: The elemental can enter a hostile creature's space and stop there. It can move through a space as narrow as 1 inch wide without squeezing.","elemental; neutral","SRD 5.1"
"14","Ancient Black Dragon","21.0","33000","367","22","27","14","25","16","15","19","Multiattack (1 Frightful Presence, 1 Bite, 2 Claw); Bite: +15; 2d10+8 Piercing + 2d8 Acid; Claw: +15; 2d6+8 Slashing; Tail: +15; 2d8+8 Bludgeoning; Frightful Presence; Acid Breath: 15d8 Acid","Amphibious: The dragon can breathe air and water.; Legendary Resistance: If the dragon fails a saving throw it can choose to succeed instead.","dragon; chaotic evil","SRD 5.1"
"15","Ancient Blue Dragon","23.0","50000","481","22","29","10","27","18","17","21","Multiattack (1 Frightful Presence, 1 Bite, 2 Claw); Bite: +16; 2d10+9 Piercing + 2d10 Lightning; Claw: +16; 2d6+9 Slashing; Tail: +16; 2d8+9 Bludgeoning; Frightful Presence; Lightning Breath: 16d10 Lightning","Legendary Resistance: If the dragon fails a saving throw it can choose to succeed instead.","dragon; lawful evil","SRD 5.1"
"16","Ancient Brass Dragon","20.0","25000","297","20","27","10","25","16","15","19","Multiattack (1 Frightful Presence, 1 Bite, 2 Claw); Bite: +14; 2d10+8 Piercing; Claw: +14; 2d6+8 Slashing; Tail: +14; 2d8+8 Bludgeoning; Frightful Presence; Breath Weapons; Change Shape","Legendary Resistance: If the dragon fails a saving throw it can choose to succeed instead.","dragon; chaotic good","SRD 5.1"
"17","Ancient Bronze Dragon","22.0","41000","444","22","29","10","27","18","17","21","Multiattack (1 Frightful Presence, 1 Bite, 2 Claw); Bite: +16; 2d10+9 Piercing; Claw: +16; 2d6+9 Slashing; Tail: +16; 2d8+9 Bludgeoning; Frightful Presence; Breath Weapons; Change Shape","Amphibious: The dragon can breathe air and water.; Legendary Resistance: If the dragon fails a saving throw it can choose to succeed instead.","dragon; lawful good","SRD 5.1"
"18","Ancient Copper Dragon","21.0","33000","350","21","27","12","25","20","17","19","Multiattack (1 Frightful Presence, 1 Bite, 2 Claw); Bite: +15; 2d10+8 Piercing; Claw: +15; 2d6+8 Slashing; Tail: +15; 2d8+8 Bludgeoning; Frightful Presence; Breath Weapons; Change Shape","Legendary Resistance: If the dragon fails a saving throw it can choose to succeed instead.","dragon; chaotic good","SRD 5.1"
"19","Ancient Gold Dragon","24.0","62000","546","22","30","14","29","18","17","28","Multiattack (1 Frightful Presence, 1 Bite, 2 Claw); Bite: +17; 2d10+10 Piercing; Claw: +17; 2d6+10 Slashing; Tail: +17; 2d8+10 Bludgeoning; Frightful Presence; Breath Weapons; Change Shape","Amphibious: The dragon can breathe air and water.; Legendary Resistance: If the dragon fails a saving throw it can choose to succeed instead.","dragon; lawful good","SRD 5.1"
"20","Ancient Green Dragon","22.0","41000","385","21","27","12","25","20","17","19","Multiattack (1 Frightful Presence, 1 Bite, 2 Claw); Bite: +15; 2d10+8 Piercing + 3d6 Poison; Claw: +15; 4d6+8 Slashing; Tail: +15; 2d8+8 Bludgeoning; Frightful Presence; Poison Breath: 22d6 Poison","Amphibious: The dragon can breathe air and water.; Legendary Resistance: If the dragon fails a saving throw it can choose to succeed instead.","dragon; lawful evil","SRD 5.1"
"21","Ancient Red Dragon","24.0","62000","546","22","30","10","29","18","15","23","Multiattack (1 Frightful Presence, 1 Bite, 2 Claw); Bite: +17; 2d10+10 Bludgeoning + 4d6 Fire; Claw: +17; 2d6+10 Slashing; Tail: +17; 2d8+10 Bludgeoning; Frightful Presence; Fire Breath: 26d6 Fire","Legendary Resistance: If the dragon fails a saving throw it can choose to succeed instead.","dragon; chaotic evil","SRD 5.1"
"22","Ancient Silver Dragon","23.0","50000","487","22","30","10","29","18","15","23","Multiattack (1 Frightful Presence, 1 Bite, 2 Claw); Bite: +17; 2d10+10 Piercing; Claw: +17; 2d6+10 Slashing; Tail: +17; 2d8+10 Bludgeoning; Frightful Presence; Breath Weapons; Change Shape","Legendary Resistance: If the dragon fails a saving throw it can choose to succeed instead.","dragon; lawful good","SRD 5.1"
"23","Ancient White Dragon","20.0","25000","333","20","26","10","26","10","13","14","Multiattack (1 Frightful Presence, 1 Bite, 2 Claw); Bite: +14; 2d10+8 Piercing + 2d8 Cold; Claw: +14; 2d6+8 Slashing; Tail: +14; 2d8+8 Bludgeoning; Frightful Presence; Cold Breath: 16d8 Cold","Ice Walk: The dragon can move across and climb icy surfaces without needing to make an ability check. Additionally difficult terrain composed of ice or snow doesn't cost it extra moment.; Legendary Resistance: If the dragon fails a saving throw it can choose to succeed instead.","dragon; chaotic evil","SRD 5.1"
"24","Androsphinx","17.0","18000","199","17","22","10","20","16","18","23","Multiattack (2 Claw); Claw: +12; 2d10+6 Slashing; Roar","Inscrutable: The sphinx is immune to any effect that would sense its emotions or read its thoughts as well as any divination spell that it refuses. Wisdom (Insight) checks made to ascertain the sphinx's intentions or sincerity have disadvantage.; Magic Weapons: The sphinx's weapon attacks are magical.; Spellcasting: The sphinx is a 12th-level spellcaster. Its spellcasting ability is Wisdom (spell save DC 18 +10 to hit with spell attacks). It requires no material components to cast its spells. The sphinx has the following cleric spells prepared:\\n\\n- Cantrips (at will): sacred flame spare the dying thaumaturgy\\n- 1st level (4 slots): command detect evil and good detect magic\\n- 2nd level (3 slots): lesser restoration zone of truth\\n- 3rd level (3 slots): dispel magic tongues\\n- 4th level (3 slots): banishment freedom of movement\\n- 5th level (2 slots): flame strike greater restoration\\n- 6th level (1 slot): heroes' feast","monstrosity; lawful neutral","SRD 5.1"
"25","Animated Armor","1.0","200","33","18","14","11","13","1","3","1","Multiattack (2 Slam); Slam: +4; 1d6+2 Bludgeoning","Antimagic Susceptibility: The armor is incapacitated while in the area of an antimagic field. If targeted by dispel magic the armor must succeed on a Constitution saving throw against the caster's spell save DC or fall unconscious for 1 minute.; False Appearance: While the armor remains motionless it is indistinguishable from a normal suit of armor.","construct; unaligned","SRD 5.1"
"26","Ankheg","2.0","250","39","14","17","11","13","1","13","6","Bite: +5; 2d6+3 Slashing + 1d6 Acid; Acid Spray: 3d6 Acid","","monstrosity; unaligned","SRD 5.1"
"27","Ape","0.5","100","19","12","16","14","14","6","12","7","Multiattack (2 Fist); Fist: +5; 1d6+3 Bludgeoning; Rock: +5; 1d6+3 Bludgeoning","","beast; unaligned","SRD 5.1"
"28","Archmage","12.0","8400","99","12","10","14","12","20","15","16","Dagger: +6; 1d4+2 Piercing","Magic Resistance: The archmage has advantage on saving throws against spells and other magical effects.; Spellcasting: The archmage is an 18th-level spellcaster. Its spellcasting ability is Intelligence (spell save DC 17 +9 to hit with spell attacks). The archmage can cast disguise self and invisibility at will and has the following wizard spells prepared:\\n\\n- Cantrips (at will): fire bolt light mage hand prestidigitation shocking grasp\\n- 1st level (4 slots): detect magic identify mage armor* magic missile\\n- 2nd level (3 slots): detect thoughts mirror image misty step\\n- 3rd level (3 slots): counterspell fly lightning bolt\\n- 4th level (3 slots): banishment fire shield stoneskin*\\n- 5th level (3 slots): cone of cold scrying wall of force\\n- 6th level (1 slot): globe of invulnerability\\n- 7th level (1 slot): teleport\\n- 8th level (1 slot): mind blank*\\n- 9th level (1 slot): time stop\\n* The archmage casts these spells on itself before combat.","humanoid; any alignment","SRD 5.1"
"29","Assassin","8.0","3900","78","15","11","16","14","13","11","10","Multiattack (2 Shortsword); Shortsword: +6; 1d6+3 Piercing + 7d6 Poison; Light Crossbow: +6; 1d8+3 Piercing + 7d6 Poison","Assassinate: During its first turn the assassin has advantage on attack rolls against any creature that hasn't taken a turn. Any hit the assassin scores against a surprised creature is a critical hit.; Evasion: If the assassin is subjected to an effect that allows it to make a Dexterity saving throw to take only half damage the assassin instead takes no damage if it succeeds on the saving throw and only half damage if it fails.; Sneak Attack (1/Turn): The assassin deals an extra 13 (4d6) damage when it hits a target with a weapon attack and has advantage on the attack roll or when the target is within 5 ft. of an ally of the assassin that isn't incapacitated and the assassin doesn't have disadvantage on the attack roll.","humanoid; any non-good alignment","SRD 5.1"
"30","Awakened Shrub","0.0","10","10","9","3","8","11","10","10","6","Rake: +1; 1d4-1 Slashing","False Appearance: While the shrub remains motionless it is indistinguishable from a normal shrub.","plant; unaligned","SRD 5.1"
"31","Awakened Tree","2.0","450","59","13","19","6","15","10","10","7","Slam: +6; 3d6+4 Bludgeoning","False Appearance: While the tree remains motionless it is indistinguishable from a normal tree.","plant; unaligned","SRD 5.1"
"32","Axe Beak","0.25","50","19","11","14","12","12","2","10","5","Beak: +4; 1d8+2 Slashing","","beast; unaligned","SRD 5.1"
"33","Azer","2.0","450","39","15","17","12","15","12","13","10","Warhammer: +5; 1d8+3 Bludgeoning + 1d6 Fire","Heated Body: A creature that touches the azer or hits it with a melee attack while within 5 ft. of it takes 5 (1d10) fire damage.; Heated Weapons: When the azer hits with a metal melee weapon it deals an extra 3 (1d6) fire damage (included in the attack).; Illumination: The azer sheds bright light in a 10-foot radius and dim light for an additional 10 ft..","elemental; lawful neutral","SRD 5.1"
"34","Baboon","0.0","10","3","12","8","14","11","4","12","6","Bite: +1; 1d4-1 Piercing","Pack Tactics: The baboon has advantage on an attack roll against a creature if at least one of the baboon's allies is within 5 ft. of the creature and the ally isn't incapacitated.","beast; unaligned","SRD 5.1"
"35","Badger","0.0","10","3","10","4","11","12","2","12","5","Bite: +2; 1 Piercing","Keen Smell: The badger has advantage on Wisdom (Perception) checks that rely on smell.","beast; unaligned","SRD 5.1"
"36","Balor","19.0","22000","262","19","26","15","22","20","16","22","Multiattack (1 Longsword, 1 Whip); Longsword: +14; 3d8+8 Slashing + 3d8 Lightning; Whip: +14; 2d6+8 Slashing + 3d6 Fire; Teleport","Death Throes: When the balor dies it explodes and each creature within 30 feet of it must make a DC 20 Dexterity saving throw taking 70 (20d6) fire damage on a failed save or half as much damage on a successful one. The explosion ignites flammable objects in that area that aren't being worn or carried and it destroys the balor's weapons.; Fire Aura: At the start of each of the balor's turns each creature within 5 feet of it takes 10 (3d6) fire damage and flammable objects in the aura that aren't being worn or carried ignite. A creature that touches the balor or hits it with a melee attack while within 5 feet of it takes 10 (3d6) fire damage.; Magic Resistance: The balor has advantage on saving throws against spells and other magical effects.; Magic Weapons: The balor's weapon attacks are magical.","fiend; chaotic evil","SRD 5.1"
"37","Bandit","0.125","25","11","12","11","12","12","10","10","10","Scimitar: +3; 1d6+1 Slashing; Light Crossbow: +3; 1d8+1 Piercing","","humanoid; any non-lawful alignment","SRD 5.1"
"38","Bandit Captain","2.0","450","65","15","15","16","14","14","11","14","Multiattack; Scimitar: +5; 1d6+3 Slashing; Dagger: +5; 1d4+3 Piercing","","humanoid; any non-lawful alignment","SRD 5.1"
"39","Barbed Devil","5.0","1800","110","15","16","17","18","12","14","14","Multiattack; Claw: +6; 1d6+3 Piercing; Tail: +6; 2d6+3 Piercing; Hurl Flame: +5; 3d6 Fire","Barbed Hide: At the start of each of its turns the barbed devil deals 5 (1d10) piercing damage to any creature grappling it.; Devil's Sight: Magical darkness doesn't impede the devil's darkvision.; Magic Resistance: The devil has advantage on saving throws against spells and other magical effects.","fiend; lawful evil","SRD 5.1"
"40","Basilisk","3.0","700","52","12","16","8","15","2","8","7","Bite: +5; 2d6+3 Piercing + 2d6 Poison","Petrifying Gaze: If a creature starts its turn within 30 ft. of the basilisk and the two of them can see each other the basilisk can force the creature to make a DC 12 Constitution saving throw if the basilisk isn't incapacitated. On a failed save the creature magically begins to turn to stone and is restrained. It must repeat the saving throw at the end of its next turn. On a success the effect ends. On a failure the creature is petrified until freed by the greater restoration spell or other magic.\\nA creature that isn't surprised can avert its eyes to avoid the saving throw at the start of its turn. If it does so it can't see the basilisk until the start of its next turn when it can avert its eyes again. If it looks at the basilisk in the meantime it must immediately make the save.\\nIf the basilisk sees its reflection within 30 ft. of it in bright light it mistakes itself for a rival and targets itself with its gaze.","monstrosity; unaligned","SRD 5.1"
"41","Bat","0.0","10","1","12","2","15","8","2","12","4","Bite: +0; 1 Piercing","Echolocation: The bat can't use its blindsight while deafened.; Keen Hearing: The bat has advantage on Wisdom (Perception) checks that rely on hearing.","beast; unaligned","SRD 5.1"
"42","Bearded Devil","3.0","700","52","13","16","15","15","9","11","11","Multiattack (1 Beard, 1 Glaive); Beard: +5; 1d8+2 Piercing; Glaive: +5; 1d10+3 Slashing","Devil's Sight: Magical darkness doesn't impede the devil's darkvision.; Magic Resistance: The devil has advantage on saving throws against spells and other magical effects.; Steadfast: The devil can't be frightened while it can see an allied creature within 30 feet of it.","fiend; lawful evil","SRD 5.1"
"43","Behir","11.0","7200","168","17","23","16","18","7","14","12","Multiattack (1 Bite, 1 Constrict); Bite: +10; 3d10+6 Piercing; Constrict: +10; 2d10+6 Bludgeoning + 2d10+6 Slashing; Lightning Breath: 12d10 Lightning; Swallow: 6d6 Acid","","monstrosity; neutral evil","SRD 5.1"
"44","Berserker","2.0","450","67","13","16","12","17","9","11","9","Greataxe: +5; 1d12+3 Slashing","Reckless: At the start of its turn the berserker can gain advantage on all melee weapon attack rolls during that turn but attack rolls against it have advantage until the start of its next turn.","humanoid; any chaotic alignment","SRD 5.1"
"45","Black Bear","0.5","100","19","11","15","10","14","2","12","7","Multiattack (1 Bite, 1 Claws); Bite: +3; 1d6+2 Piercing; Claws: +3; 2d4+2 Slashing","Keen Smell: The bear has advantage on Wisdom (Perception) checks that rely on smell.","beast; unaligned","SRD 5.1"
"46","Black Dragon Wyrmling","2.0","450","33","17","15","14","13","10","11","13","Bite: +4; 1d10+2 Piercing + 1d4 Acid; Acid Breath: 5d8 Acid","Amphibious: The dragon can breathe air and water.","dragon; chaotic evil","SRD 5.1"
"47","Black Pudding","4.0","1100","85","7","16","5","16","1","6","1","Pseudopod: +5; 1d6+3 Bludgeoning + 4d8 Acid","Amorphous: The pudding can move through a space as narrow as 1 inch wide without squeezing.; Corrosive Form: A creature that touches the pudding or hits it with a melee attack while within 5 feet of it takes 4 (1d8) acid damage. Any nonmagical weapon made of metal or wood that hits the pudding corrodes. After dealing damage the weapon takes a permanent and cumulative -1 penalty to damage rolls. If its penalty drops to -5 the weapon is destroyed. Nonmagical ammunition made of metal or wood that hits the pudding is destroyed after dealing damage. The pudding can eat through 2-inch-thick nonmagical wood or metal in 1 round.; Spider Climb: The pudding can climb difficult surfaces including upside down on ceilings without needing to make an ability check.","ooze; unaligned","SRD 5.1"
"48","Blink Dog","0.25","50","22","13","12","17","12","10","13","11","Bite: +3; 1d6+1 Piercing; Teleport","Keen Hearing and Smell: The dog has advantage on Wisdom (Perception) checks that rely on hearing or smell.","fey; lawful good","SRD 5.1"
"49","Blood Hawk","0.125","25","7","12","6","14","10","3","14","5","Beak: +4; 1d4+2 Piercing","Keen Sight: The hawk has advantage on Wisdom (Perception) checks that rely on sight.; Pack Tactics: The hawk has advantage on an attack roll against a creature if at least one of the hawk's allies is within 5 ft. of the creature and the ally isn't incapacitated.","beast; unaligned","SRD 5.1"
"50","Blue Dragon Wyrmling","3.0","700","52","17","17","10","15","12","11","15","Bite: +5; 1d10+3 Piercing + 1d6 Lightning; Lightning Breath: 4d10 Bludgeoning","","dragon; lawful evil","SRD 5.1"
"51","Boar","0.25","50","11","11","13","11","12","2","9","5","Tusk: +3; 1d6+1 Slashing","Charge: If the boar moves at least 20 ft. straight toward a target and then hits it with a tusk attack on the same turn the target takes an extra 3 (1d6) slashing damage. If the target is a creature it must succeed on a DC 11 Strength saving throw or be knocked prone.; Relentless: If the boar takes 7 damage or less that would reduce it to 0 hit points it is reduced to 1 hit point instead.","beast; unaligned","SRD 5.1"
"52","Bone Devil","9.0","5000","142","19","18","16","18","13","14","16","Multiattack (2 Claw, 1 Sting); Claw: +8; 1d8+4 Slashing; Sting: +8; 2d8+4 Piercing + 5d6 Poison","Devil's Sight: Magical darkness doesn't impede the devil's darkvision.; Magic Resistance: The devil has advantage on saving throws against spells and other magical effects.","fiend; lawful evil","SRD 5.1"
"53","Brass Dragon Wyrmling","1.0","100","16","16","15","10","13","10","11","13","Bite: +4; 1d10+2 Piercing; Breath Weapons","","dragon; chaotic good","SRD 5.1"
"54","Bronze Dragon Wyrmling","2.0","450","32","17","17","10","15","12","11","15","Bite: +5; 1d10+3 Piercing; Breath Weapons","Amphibious: The dragon can breathe air and water.","dragon; lawful good","SRD 5.1"
"55","Brown Bear","1.0","200","34","11","19","10","16","2","13","7","Multiattack (1 Bite, 1 Claws); Bite: +5; 1d8+4 Piercing; Claws: +5; 2d6+4 Slashing","Keen Smell: The bear has advantage on Wisdom (Perception) checks that rely on smell.","beast; unaligned","SRD 5.1"
"56","Bugbear","1.0","200","27","16","15","14","13","8","11","9","Morningstar: +4; 2d8+2 Piercing; Javelin: +4; 2d6+2 Piercing","Brute: A melee weapon deals one extra die of its damage when the bugbear hits with it (included in the attack).; Surprise Attack: If the bugbear surprises a creature and hits it with an attack during the first round of combat the target takes an extra 7 (2d6) damage from the attack.","humanoid; chaotic evil","SRD 5.1"
"57","Bulette","5.0","1800","94","17","19","11","21","2","10","5","Bite: +7; 4d12+4 Piercing; Deadly Leap","Standing Leap: The bulette's long jump is up to 30 ft. and its high jump is up to 15 ft. with or without a running start.","monstrosity; unaligned","SRD 5.1"
"58","Camel","0.125","25","15","9","16","8","14","2","8","5","Bite: +5; 1d4 Bludgeoning","","beast; unaligned","SRD 5.1"
"59","Cat","0.0","10","2","12","3","15","10","3","12","7","Claws: +0; 1 Slashing","Keen Smell: The cat has advantage on Wisdom (Perception) checks that rely on smell.","beast; unaligned","SRD 5.1"
"60","Centaur","2.0","450","45","12","18","14","14","9","13","11","Multiattack; Pike: +6; 1d10+4 Piercing; Hooves: +6; 2d6+4 Bludgeoning; Longbow: +4; 1d8+2 Piercing","Charge: If the centaur moves at least 30 ft. straight toward a target and then hits it with a pike attack on the same turn the target takes an extra 10 (3d6) piercing damage.","monstrosity; neutral good","SRD 5.1"
"61","Chain Devil","8.0","3900","85","16","18","15","18","11","12","14","Multiattack (2 Chain); Chain: +8; 2d6+4 Slashing; Animate Chains","Devil's Sight: Magical darkness doesn't impede the devil's darkvision.; Magic Resistance: The devil has advantage on saving throws against spells and other magical effects.","fiend; lawful evil","SRD 5.1"
"62","Chimera","6.0","2300","114","14","19","11","19","3","14","10","Multiattack; Bite: +7; 2d6+4 Piercing; Horns: +7; 1d12+4 Bludgeoning; Claws: +7; 2d6+4 Slashing; Fire Breath: 7d8 Fire","","monstrosity; chaotic evil","SRD 5.1"
"63","Chuul","4.0","1100","93","16","19","10","16","5","11","5","Multiattack; Pincer: +6; 2d6+4 Bludgeoning; Tentacles","Amphibious: The chuul can breathe air and water.; Sense Magic: The chuul senses magic within 120 feet of it at will. This trait otherwise works like the detect magic spell but isn't itself magical.","aberration; chaotic evil","SRD 5.1"
"64","Clay Golem","9.0","5000","133","14","20","9","18","3","8","1","Multiattack (2 Slam); Slam: +8; 2d10+5 Bludgeoning; Haste","Acid Absorption: Whenever the golem is subjected to acid damage it takes no damage and instead regains a number of hit points equal to the acid damage dealt.; Berserk: Whenever the golem starts its turn with 60 hit points or fewer roll a d6. On a 6 the golem goes berserk. On each of its turns while berserk the golem attacks the nearest creature it can see. If no creature is near enough to move to and attack the golem attacks an object with preference for an object smaller than itself. Once the golem goes berserk it continues to do so until it is destroyed or regains all its hit points.; Immutable Form: The golem is immune to any spell or effect that would alter its form.; Magic Resistance: The golem has advantage on saving throws against spells and other magical effects.; Magic Weapons: The golem's weapon attacks are magical.","construct; unaligned","SRD 5.1"
"65","Cloaker","8.0","3900","78","14","17","15","12","13","12","14","Multiattack (1 Bite, 1 Tail); Bite: +6; 2d6+3 Piercing; Tail: +6; 1d8+3 Slashing; Moan; Phantasms","Damage Transfer: While attached to a creature the cloaker takes only half the damage dealt to it (rounded down). and that creature takes the other half.; False Appearance: While the cloaker remains motionless without its underside exposed it is indistinguishable from a dark leather cloak.; Light Sensitivity: While in bright light the cloaker has disadvantage on attack rolls and Wisdom (Perception) checks that rely on sight.","aberration; chaotic neutral","SRD 5.1"
"66","Cloud Giant","9.0","5000","200","14","27","10","22","12","16","16","Multiattack (2 Morningstar); Morningstar: +12; 3d8+8 Piercing; Rock: +12; 4d10+8 Bludgeoning","Keen Smell: The giant has advantage on Wisdom (Perception) checks that rely on smell.; Innate Spellcasting: The giant's innate spellcasting ability is Charisma. It can innately cast the following spells requiring no material components:\\n\\nAt will: detect magic fog cloud light\\n3/day each: feather fall fly misty step telekinesis\\n1/day each: control weather gaseous form","giant; neutral good (50%) or neutral evil (50%)","SRD 5.1"
"67","Cockatrice","0.5","100","27","11","6","12","12","2","13","5","Bite: +3; 1d4+1 Piercing","","monstrosity; unaligned","SRD 5.1"
"68","Commoner","0.0","10","4","10","10","10","10","10","10","10","Club: +2; 1d4 Bludgeoning","","humanoid; any alignment","SRD 5.1"
"69","Constrictor Snake","0.25","50","13","12","15","14","12","1","10","3","Bite: +4; 1d6+2 Piercing; Constrict: +4; 1d8+2 Bludgeoning","","beast; unaligned","SRD 5.1"
"70","Copper Dragon Wyrmling","1.0","200","22","16","15","12","13","14","11","13","Bite: +4; 1d10+2 Piercing; Breath Weapons","","dragon; chaotic good","SRD 5.1"
"71","Couatl","4.0","1100","97","19","16","20","17","18","20","18","Bite: +8; 1d6+5 Piercing; Constrict: +6; 2d6+3 Bludgeoning; Change Shape","Innate Spellcasting: The couatl's spellcasting ability is Charisma (spell save DC 14). It can innately cast the following spells requiring only verbal components:\\n\\nAt will: detect evil and good detect magic detect thoughts\\n3/day each: bless create food and water cure wounds lesser restoration protection from poison sanctuary shield\\n1/day each: dream greater restoration scrying; Magic Weapons: The couatl's weapon attacks are magical.; Shielded Mind: The couatl is immune to scrying and to any effect that would sense its emotions read its thoughts or detect its location.","celestial; lawful good","SRD 5.1"
"72","Crab","0.0","10","2","11","2","11","10","1","8","2","Claw: +0; 1 Bludgeoning","Amphibious: The crab can breathe air and water.","beast; unaligned","SRD 5.1"
"73","Crocodile","0.5","100","19","12","15","10","13","2","10","5","Bite: +4; 1d10+2 Bludgeoning","Hold Breath: The crocodile can hold its breath for 15 minutes.","beast; unaligned","SRD 5.1"
"74","Cult Fanatic","2.0","450","22","13","11","14","12","10","13","14","Multiattack (2 Dagger); Dagger: +4; 1d4+2 Piercing","Dark Devotion: The fanatic has advantage on saving throws against being charmed or frightened.; Spellcasting: The fanatic is a 4th-level spellcaster. Its spell casting ability is Wisdom (spell save DC 11 +3 to hit with spell attacks). The fanatic has the following cleric spells prepared:\\n\\nCantrips (at will): light sacred flame thaumaturgy\\n- 1st level (4 slots): command inflict wounds shield of faith\\n- 2nd level (3 slots): hold person spiritual weapon","humanoid; any non-good alignment","SRD 5.1"
"75","Cultist","0.125","25","9","12","11","12","10","10","11","10","Scimitar: +3; 1d6+1 Slashing","Dark Devotion: The cultist has advantage on saving throws against being charmed or frightened.","humanoid; any non-good alignment","SRD 5.1"
"76","Darkmantle","0.5","100","22","11","16","12","13","2","10","5","Crush: +5; 1d6+3 Bludgeoning; Darkness Aura","Echolocation: The darkmantle can't use its blindsight while deafened.; False Appearance: While the darkmantle remains motionless it is indistinguishable from a cave formation such as a stalactite or stalagmite.","monstrosity; unaligned","SRD 5.1"
"77","Death Dog","1.0","200","39","12","15","14","14","3","13","6","Multiattack (2 Bite); Bite: +4; 1d6+2 Bludgeoning","Two-Headed: The dog has advantage on Wisdom (Perception) checks and on saving throws against being blinded charmed deafened frightened stunned or knocked unconscious.","monstrosity; neutral evil","SRD 5.1"
"78","Deep Gnome (Svirfneblin)","0.5","50","16","15","15","14","14","12","10","9","War Pick: +4; 1d8+2 Piercing; Poisoned Dart: +4; 1d4+2 Piercing","Stone Camouflage: The gnome has advantage on Dexterity (Stealth) checks made to hide in rocky terrain.; Gnome Cunning: The gnome has advantage on Intelligence Wisdom and Charisma saving throws against magic.; Innate Spellcasting: The gnome's innate spellcasting ability is Intelligence (spell save DC 11). It can innately cast the following spells requiring no material components:\\nAt will: nondetection (self only)\\n1/day each: blindness/deafness blur disguise self","humanoid; neutral good","SRD 5.1"
"79","Deer","0.0","10","4","13","11","16","11","2","14","5","Bite: +2; 1d4 Piercing","","beast; unaligned","SRD 5.1"
"80","Deva","10.0","5900","136","17","18","18","18","17","20","20","Multiattack (2 Mace); Mace: +8; 1d6+4 Bludgeoning + 4d8 Radiant; Healing Touch; Change Shape","Angelic Weapons: The deva's weapon attacks are magical. When the deva hits with any weapon the weapon deals an extra 4d8 radiant damage (included in the attack).; Innate Spellcasting: The deva's spellcasting ability is Charisma (spell save DC 17). The deva can innately cast the following spells requiring only verbal components:\\nAt will: detect evil and good\\n1/day each: commune raise dead; Magic Resistance: The deva has advantage on saving throws against spells and other magical effects.","celestial; lawful good","SRD 5.1"
"81","Dire Wolf","1.0","200","37","14","17","15","15","3","12","7","Bite: +5; 2d6+3 Piercing","Keen Hearing and Smell: The wolf has advantage on Wisdom (Perception) checks that rely on hearing or smell.; Pack Tactics: The wolf has advantage on an attack roll against a creature if at least one of the wolf's allies is within 5 ft. of the creature and the ally isn't incapacitated.","beast; unaligned","SRD 5.1"
"82","Djinni","11.0","7200","161","17","21","15","22","15","16","20","Multiattack (3 Scimitar); Scimitar: +9; 2d6+5 Slashing; Create Whirlwind","Elemental Demise: If the djinni dies its body disintegrates into a warm breeze leaving behind only equipment the djinni was wearing or carrying.; Innate Spellcasting: The djinni's innate spellcasting ability is Charisma (spell save DC 17 +9 to hit with spell attacks). It can innately cast the following spells requiring no material components:\\n\\nAt will: detect evil and good detect magic thunderwave\\n3/day each: create food and water (can create wine instead of water) tongues wind walk\\n1/day each: conjure elemental (air elemental only) creation gaseous form invisibility major image plane shift","elemental; chaotic good","SRD 5.1"
"83","Doppelganger","3.0","700","52","14","11","18","14","11","12","14","Multiattack (2 Slam); Slam: +6; 1d6+4 Bludgeoning; Read Thoughts","Shapechanger: The doppelganger can use its action to polymorph into a Small or Medium humanoid it has seen or back into its true form. Its statistics other than its size are the same in each form. Any equipment it is wearing or carrying isn't transformed. It reverts to its true form if it dies.; Ambusher: In the first round of combat the doppelganger has advantage on attack rolls against any creature it has surprised.; Surprise Attack: If the doppelganger surprises a creature and hits it with an attack during the first round of combat the target takes an extra 10 (3d6) damage from the attack.","monstrosity; unaligned","SRD 5.1"
"84","Draft Horse","0.25","50","19","10","18","10","12","2","11","7","Hooves: +6; 2d4+4 Bludgeoning","","beast; unaligned","SRD 5.1"
"85","Dragon Turtle","17.0","18000","341","20","25","10","20","10","12","12","Multiattack; Bite: +13; 3d12+7 Piercing; Claw: +13; 2d8+7 Piercing; Tail: +13; 3d12+7 Bludgeoning; Steam Breath: 15d6 Fire","Amphibious: The dragon turtle can breathe air and water.","dragon; neutral","SRD 5.1"
"86","Dretch","0.25","25","18","11","11","11","12","5","8","3","Multiattack (1 Bite, 1 Claws); Bite: +2; 1d6 Piercing; Claws: +2; 2d4 Slashing; Fetid Cloud","","fiend; chaotic evil","SRD 5.1"
"87","Drider","6.0","2300","123","19","16","16","18","13","14","12","Multiattack; Bite: +6; 1d4 Piercing + 2d8 Poison; Longsword: +6; Longbow: +6; 1d8+3 Piercing + 1d8 Poison","Fey Ancestry: The drider has advantage on saving throws against being charmed and magic can't put the drider to sleep.; Innate Spellcasting: The drider's innate spellcasting ability is Wisdom (spell save DC 13). The drider can innately cast the following spells requiring no material components:\\nAt will: dancing lights\\n1/day each: darkness faerie fire; Spider Climb: The drider can climb difficult surfaces including upside down on ceilings without needing to make an ability check.; Sunlight Sensitivity: While in sunlight the drider has disadvantage on attack rolls as well as on Wisdom (Perception) checks that rely on sight.; Web Walker: The drider ignores movement restrictions caused by webbing.","monstrosity; chaotic evil","SRD 5.1"
"88","Drow","0.25","50","13","15","10","14","10","11","11","12","Shortsword: +4; 1d6+2 Bludgeoning; Hand Crossbow: +4; 1d6+2 Piercing","Fey Ancestry: The drow has advantage on saving throws against being charmed and magic can't put the drow to sleep.; Innate Spellcasting: The drow's spellcasting ability is Charisma (spell save DC 11). It can innately cast the following spells requiring no material components:\\nAt will: dancing lights\\n1/day each: darkness faerie fire; Sunlight Sensitivity: While in sunlight the drow has disadvantage on attack rolls as well as on Wisdom (Perception) checks that rely on sight.","humanoid; neutral evil","SRD 5.1"
"89","Druid","2.0","450","27","11","10","12","13","12","15","11","Quarterstaff: +2","Spellcasting: The druid is a 4th-level spellcaster. Its spellcasting ability is Wisdom (spell save DC 12 +4 to hit with spell attacks). It has the following druid spells prepared:\\n\\n- Cantrips (at will): druidcraft produce flame shillelagh\\n- 1st level (4 slots): entangle longstrider speak with animals thunderwave\\n- 2nd level (3 slots): animal messenger barkskin","humanoid; any alignment","SRD 5.1"
"90","Dryad","1.0","200","22","11","10","12","11","14","15","18","Club: +2; 1d4 Bludgeoning; Fey Charm","Innate Spellcasting: The dryad's innate spellcasting ability is Charisma (spell save DC 14). The dryad can innately cast the following spells requiring no material components:\\n\\nAt will: druidcraft\\n3/day each: entangle goodberry\\n1/day each: barkskin pass without trace shillelagh; Magic Resistance: The dryad has advantage on saving throws against spells and other magical effects.; Speak with Beasts and Plants: The dryad can communicate with beasts and plants as if they shared a language.; Tree Stride: Once on her turn the dryad can use 10 ft. of her movement to step magically into one living tree within her reach and emerge from a second living tree within 60 ft. of the first tree appearing in an unoccupied space within 5 ft. of the second tree. Both trees must be large or bigger.","fey; neutral","SRD 5.1"
"91","Duergar","1.0","200","26","16","14","11","14","11","10","9","Enlarge; War Pick: +4; 1d8+2 Piercing; Javelin: +4; 1d6+2 Bludgeoning; Invisibility","Duergar Resilience: The duergar has advantage on saving throws against poison spells and illusions as well as to resist being charmed or paralyzed.; Sunlight Sensitivity: While in sunlight the duergar has disadvantage on attack rolls as well as on Wisdom (Perception) checks that rely on sight.","humanoid; lawful evil","SRD 5.1"
"92","Dust Mephit","0.5","100","17","12","5","14","10","9","11","10","Claws: +4; 1d4+2 Slashing; Blinding Breath","Death Burst: When the mephit dies it explodes in a burst of dust. Each creature within 5 ft. of it must then succeed on a DC 10 Constitution saving throw or be blinded for 1 minute. A blinded creature can repeat the saving throw on each of its turns ending the effect on itself on a success.; Innate Spellcasting: The mephit can innately cast sleep requiring no material components. Its innate spellcasting ability is Charisma.","elemental; neutral evil","SRD 5.1"
"93","Eagle","0.0","10","3","12","6","15","10","2","14","7","Talons: +4; 1d4+2 Bludgeoning","Keen Sight: The eagle has advantage on Wisdom (Perception) checks that rely on sight.","beast; unaligned","SRD 5.1"
"94","Earth Elemental","5.0","1800","126","17","20","8","20","5","10","5","Multiattack (2 Slam); Slam: +8; 2d8+5 Bludgeoning","Earth Glide: The elemental can burrow through nonmagical unworked earth and stone. While doing so the elemental doesn't disturb the material it moves through.; Siege Monster: The elemental deals double damage to objects and structures.","elemental; neutral","SRD 5.1"
"95","Efreeti","11.0","7200","200","17","22","12","24","16","15","16","Multiattack; Scimitar: +10; 2d6+6 Slashing + 2d6 Fire; Hurl Flame: +7; 5d6 Fire","Elemental Demise: If the efreeti dies its body disintegrates in a flash of fire and puff of smoke leaving behind only equipment the djinni was wearing or carrying.; Innate Spellcasting: The efreeti's innate spell casting ability is Charisma (spell save DC 15 +7 to hit with spell attacks). It can innately cast the following spells requiring no material components:\\n\\nAt will: detect magic\\n3/day: enlarge/reduce tongues\\n1/day each: conjure elemental (fire elemental only) gaseous form invisibility major image plane shift wall of fire","elemental; lawful evil","SRD 5.1"
"96","Elephant","4.0","1100","76","12","22","9","17","3","11","6","Gore: +8; 3d8+6 Piercing; Stomp: +8; 3d10+6 Bludgeoning","Trampling Charge: If the elephant moves at least 20 ft. straight toward a creature and then hits it with a gore attack on the same turn that target must succeed on a DC 12 Strength saving throw or be knocked prone. If the target is prone the elephant can make one stomp attack against it as a bonus action.","beast; unaligned","SRD 5.1"
"97","Elk","0.25","50","13","10","16","10","12","2","10","6","Ram: +5; 1d6+3 Bludgeoning; Hooves: +5; 2d4+3 Bludgeoning","Charge: If the elk moves at least 20 ft. straight toward a target and then hits it with a ram attack on the same turn the target takes an extra 7 (2d6) damage. If the target is a creature it must succeed on a DC 13 Strength saving throw or be knocked prone.","beast; unaligned","SRD 5.1"
"98","Erinyes","12.0","8400","153","18","18","16","18","14","14","18","Multiattack; Longsword: +8; 3d8 Poison; Longbow: +7; 1d8+3 Piercing + 3d8 Poison","Hellish Weapons: The erinyes's weapon attacks are magical and deal an extra 13 (3d8) poison damage on a hit (included in the attacks).; Magic Resistance: The erinyes has advantage on saving throws against spells and other magical effects.","fiend; lawful evil","SRD 5.1"
"99","Ettercap","2.0","450","44","13","14","15","13","7","12","8","Multiattack (1 Bite, 1 Claws); Bite: +4; 2d6+2 Piercing + 1d8 Poison; Claws: +4; 2d4+2 Bludgeoning; Web: +4","Spider Climb: The ettercap can climb difficult surfaces including upside down on ceilings without needing to make an ability check.; Web Sense: While in contact with a web the ettercap knows the exact location of any other creature in contact with the same web.; Web Walker: The ettercap ignores movement restrictions caused by webbing.","monstrosity; neutral evil","SRD 5.1"
"100","Ettin","4.0","1100","85","12","21","8","17","6","10","8","Multiattack (1 Battleaxe, 1 Morningstar); Battleaxe: +7; 2d8+5 Slashing; Morningstar: +7; 2d8+5 Piercing","Two Heads: The ettin has advantage on Wisdom (Perception) checks and on saving throws against being blinded charmed deafened frightened stunned and knocked unconscious.; Wakeful: When one of the ettin's heads is asleep its other head is awake.","giant; chaotic evil","SRD 5.1"
"101","Fire Elemental","5.0","1800","102","13","10","17","16","6","10","7","Multiattack (2 Touch); Touch: +6; 2d6+3 Fire","Fire Form: The elemental can move through a space as narrow as 1 inch wide without squeezing. A creature that touches the elemental or hits it with a melee attack while within 5 ft. of it takes 5 (1d10) fire damage. In addition the elemental can enter a hostile creature's space and stop there. The first time it enters a creature's space on a turn that creature takes 5 (1d10) fire damage and catches fire; until someone takes an action to douse the fire the creature takes 5 (1d10) fire damage at the start of each of its turns.; Illumination: The elemental sheds bright light in a 30-foot radius and dim light in an additional 30 ft..; Water Susceptibility: For every 5 ft. the elemental moves in water or for every gallon of water splashed on it it takes 1 cold damage.","elemental; neutral","SRD 5.1"
"102","Fire Giant","9.0","5000","162","18","25","9","23","10","14","13","Multiattack (2 Greatsword); Greatsword: +11; 6d6+7 Slashing; Rock: +11; 4d10+7 Bludgeoning","","giant; lawful evil","SRD 5.1"
"103","Flesh Golem","5.0","1800","93","9","19","9","18","6","10","5","Multiattack (2 Slam); Slam: +7; 2d8+4 Bludgeoning","Berserk: Whenever the golem starts its turn with 40 hit points or fewer roll a d6. On a 6 the golem goes berserk. On each of its turns while berserk the golem attacks the nearest creature it can see. If no creature is near enough to move to and attack the golem attacks an object with preference for an object smaller than itself. Once the golem goes berserk it continues to do so until it is destroyed or regains all its hit points.\\nThe golem's creator if within 60 feet of the berserk golem can try to calm it by speaking firmly and persuasively. The golem must be able to hear its creator who must take an action to make a DC 15 Charisma (Persuasion) check. If the check succeeds the golem ceases being berserk. If it takes damage while still at 40 hit points or fewer the golem might go berserk again.; Aversion of Fire: If the golem takes fire damage it has disadvantage on attack rolls and ability checks until the end of its next turn.; Immutable Form: The golem is immune to any spell or effect that would alter its form.; Lightning Absorption: Whenever the golem is subjected to lightning damage it takes no damage and instead regains a number of hit points equal to the lightning damage dealt.; Magic Resistance: The golem has advantage on saving throws against spells and other magical effects.; Magic Weapons: The golem's weapon attacks are magical.","construct; neutral","SRD 5.1"
"104","Flying Snake","0.125","25","5","14","4","18","11","2","12","5","Bite: +6; 1 Bludgeoning + 3d4 Poison","Flyby: The snake doesn't provoke opportunity attacks when it flies out of an enemy's reach.","beast; unaligned","SRD 5.1"
"105","Flying Sword","0.25","50","17","17","12","15","11","1","5","1","Longsword: +3; 1d8+1 Slashing","Antimagic Susceptibility: The sword is incapacitated while in the area of an antimagic field. If targeted by dispel magic the sword must succeed on a Constitution saving throw against the caster's spell save DC or fall unconscious for 1 minute.; False Appearance: While the sword remains motionless and isn't flying it is indistinguishable from a normal sword.","construct; unaligned","SRD 5.1"
"106","Frog","0.0","0","1","11","1","13","8","1","8","3","","Amphibious: The frog can breathe air and water; Standing Leap: The frog's long jump is up to 10 ft. and its high jump is up to 5 ft. with or without a running start.","beast; unaligned","SRD 5.1"
"107","Frost Giant","8.0","3900","138","15","23","9","21","9","10","12","Multiattack (2 Greataxe); Greataxe: +9; 3d12+6 Slashing; Rock: +9; 4d10+6 Bludgeoning","","giant; neutral evil","SRD 5.1"
"108","Gargoyle","2.0","450","52","15","15","11","16","6","11","7","Multiattack (1 Bite, 1 Claws); Bite: +4; 1d6+2 Piercing; Claws: +4; 1d6+2 Slashing","False Appearance: While the gargoyle remains motion less it is indistinguishable from an inanimate statue.","elemental; chaotic evil","SRD 5.1"
"109","Gelatinous Cube","2.0","450","84","6","14","3","20","1","6","1","Pseudopod: +4; 3d6 Acid; Engulf: 3d6 Acid","Ooze Cube: The cube takes up its entire space. Other creatures can enter the space but a creature that does so is subjected to the cube's Engulf and has disadvantage on the saving throw.\\nCreatures inside the cube can be seen but have total cover.\\nA creature within 5 feet of the cube can take an action to pull a creature or object out of the cube. Doing so requires a successful DC 12 Strength check and the creature making the attempt takes 10 (3d6) acid damage.\\nThe cube can hold only one Large creature or up to four Medium or smaller creatures inside it at a time.; Transparent: Even when the cube is in plain sight it takes a successful DC 15 Wisdom (Perception) check to spot a cube that has neither moved nor attacked. A creature that tries to enter the cube's space while unaware of the cube is surprised by the cube.","ooze; unaligned","SRD 5.1"
"110","Ghast","2.0","450","36","13","16","17","10","11","10","8","Bite: +3; 2d8+3 Piercing; Claws: +5; 2d6+3 Slashing","Stench: Any creature that starts its turn within 5 ft. of the ghast must succeed on a DC 10 Constitution saving throw or be poisoned until the start of its next turn. On a successful saving throw the creature is immune to the ghast's Stench for 24 hours.; Turn Defiance: The ghast and any ghouls within 30 ft. of it have advantage on saving throws against effects that turn undead.","undead; chaotic evil","SRD 5.1"
"111","Ghost","4.0","1100","45","11","7","13","10","10","12","17","Withering Touch: +5; 4d6+3 Necrotic; Etherealness; Horrifying Visage; Possession","Ethereal Sight: The ghost can see 60 ft. into the Ethereal Plane when it is on the Material Plane and vice versa.; Incorporeal Movement: The ghost can move through other creatures and objects as if they were difficult terrain. It takes 5 (1d10) force damage if it ends its turn inside an object.","undead; any alignment","SRD 5.1"
"112","Ghoul","1.0","200","22","12","13","15","10","7","10","6","Bite: +2; 2d6+2 Piercing; Claws: +4; 2d4+2 Slashing","","undead; chaotic evil","SRD 5.1"
"113","Giant Ape","7.0","2900","157","12","23","14","18","7","12","7","Multiattack (2 Fist); Fist: +9; 3d10+6 Bludgeoning; Rock: +9; 7d6+6 Bludgeoning","","beast; unaligned","SRD 5.1"
"114","Giant Badger","0.25","50","13","10","13","10","15","2","12","5","Multiattack (1 Bite, 1 Claws); Bite: +3; 1d6+1 Piercing; Claws: +3; 2d4+1 Slashing","Keen Smell: The badger has advantage on Wisdom (Perception) checks that rely on smell.","beast; unaligned","SRD 5.1"
"115","Giant Bat","0.25","50","22","13","15","16","11","2","12","6","Bite: +4; 1d6+2 Piercing","Echolocation: The bat can't use its blindsight while deafened.; Keen Hearing: The bat has advantage on Wisdom (Perception) checks that rely on hearing.","beast; unaligned","SRD 5.1"
"116","Giant Boar","2.0","450","42","12","17","10","16","2","7","5","Tusk: +5; 2d6+3 Slashing","Charge: If the boar moves at least 20 ft. straight toward a target and then hits it with a tusk attack on the same turn the target takes an extra 7 (2d6) slashing damage. If the target is a creature it must succeed on a DC 13 Strength saving throw or be knocked prone.; Relentless: If the boar takes 10 damage or less that would reduce it to 0 hit points it is reduced to 1 hit point instead.","beast; unaligned","SRD 5.1"
"117","Giant Centipede","0.25","50","4","13","5","14","12","1","7","3","Bite: +4; 1d4+2 Piercing","","beast; unaligned","SRD 5.1"
"118","Giant Constrictor Snake","2.0","450","60","12","19","14","12","1","10","3","Bite: +6; 2d6+4 Piercing; Constrict: +6; 2d8+4 Bludgeoning","","beast; unaligned","SRD 5.1"
"119","Giant Crab","0.125","25","13","15","13","15","11","1","9","3","Claw: +3; 1d6+1 Bludgeoning","Amphibious: The crab can breathe air and water.","beast; unaligned","SRD 5.1"
"120","Giant Crocodile","5.0","1800","85","14","21","9","17","2","10","7","Multiattack (1 Bite, 1 Tail); Bite: +8; 3d10+5 Piercing; Tail: +8; 2d8+5 Bludgeoning","Hold Breath: The crocodile can hold its breath for 30 minutes.","beast; unaligned","SRD 5.1"
"121","Giant Eagle","1.0","200","26","13","16","17","13","8","14","10","Multiattack (1 Beak, 1 Talons); Beak: +5; 1d6+3 Piercing; Talons: +5; 2d6+3 Slashing","Keen Sight: The eagle has advantage on Wisdom (Perception) checks that rely on sight.","beast; neutral good","SRD 5.1"
"122","Giant Elk","2.0","450","42","14","19","16","14","7","14","10","Ram: +6; 2d6+4 Bludgeoning; Hooves: +6; 4d8+4 Bludgeoning","Charge: If the elk moves at least 20 ft. straight toward a target and then hits it with a ram attack on the same turn the target takes an extra 7 (2d6) damage. If the target is a creature it must succeed on a DC 14 Strength saving throw or be knocked prone.","beast; unaligned","SRD 5.1"
"123","Giant Fire Beetle","0.0","10","4","13","8","10","12","1","7","3","Bite: +1; 1d6-1 Slashing","Illumination: The beetle sheds bright light in a 10-foot radius and dim light for an additional 10 ft..","beast; unaligned","SRD 5.1"
"124","Giant Frog","0.25","50","18","11","12","13","11","2","10","3","Bite: +3; 1d6+1 Piercing; Swallow","Amphibious: The frog can breathe air and water; Standing Leap: The frog's long jump is up to 20 ft. and its high jump is up to 10 ft. with or without a running start.","beast; unaligned","SRD 5.1"
"125","Giant Goat","0.5","100","19","11","17","11","12","3","12","6","Ram: +5; 2d4+3 Bludgeoning","Charge: If the goat moves at least 20 ft. straight toward a target and then hits it with a ram attack on the same turn the target takes an extra 5 (2d4) bludgeoning damage. If the target is a creature it must succeed on a DC 13 Strength saving throw or be knocked prone.; Sure-Footed: The goat has advantage on Strength and Dexterity saving throws made against effects that would knock it prone.","beast; unaligned","SRD 5.1"
"126","Giant Hyena","1.0","200","45","12","16","14","14","2","12","7","Bite: +5; 2d6+3 Piercing","Rampage: When the hyena reduces a creature to 0 hit points with a melee attack on its turn the hyena can take a bonus action to move up to half its speed and make a bite attack.","beast; unaligned","SRD 5.1"
"127","Giant Lizard","0.25","50","19","12","15","12","13","2","10","5","Bite: +4; 1d8+2 Piercing","","beast; unaligned","SRD 5.1"
"128","Giant Octopus","1.0","200","52","11","17","13","13","4","10","4","Tentacles: +5; 2d6+3 Bludgeoning; Ink Cloud","Hold Breath: While out of water the octopus can hold its breath for 1 hour.; Underwater Camouflage: The octopus has advantage on Dexterity (Stealth) checks made while underwater.; Water Breathing: The octopus can breathe only underwater.","beast; unaligned","SRD 5.1"
"129","Giant Owl","0.25","50","19","12","13","15","12","8","13","10","Talons: +3; 2d6+1 Slashing","Flyby: The owl doesn't provoke opportunity attacks when it flies out of an enemy's reach.; Keen Hearing and Sight: The owl has advantage on Wisdom (Perception) checks that rely on hearing or sight.","beast; neutral","SRD 5.1"
"130","Giant Poisonous Snake","0.25","50","11","14","10","18","13","2","10","3","Bite: +6; 1d4+4 Piercing","","beast; unaligned","SRD 5.1"
"131","Giant Rat","0.125","25","7","12","7","15","11","2","10","4","Bite: +4; 1d4+2 Piercing","Keen Smell: The rat has advantage on Wisdom (Perception) checks that rely on smell.; Pack Tactics: The rat has advantage on an attack roll against a creature if at least one of the rat's allies is within 5 ft. of the creature and the ally isn't incapacitated.","beast; unaligned","SRD 5.1"
"132","Giant Rat (Diseased)","0.125","25","7","12","7","15","11","2","10","4","Bite: +4; 1d4+2 Piercing","Keen Smell: The rat has advantage on Wisdom (Perception) checks that rely on smell.; Pack Tactics: The rat has advantage on an attack roll against a creature if at least one of the rat's allies is within 5 ft. of the creature and the ally isn't incapacitated.","beast; unaligned","SRD 5.1"
"133","Giant Scorpion","3.0","700","52","15","15","13","15","1","9","3","Claw: +4; 1d8+2 Bludgeoning; Multiattack (2 Claw, 1 Sting); Sting: +4; 1d10+2 Piercing","","beast; unaligned","SRD 5.1"
"134","Giant Sea Horse","0.5","100","16","13","12","15","11","2","12","5","Ram: +3; 1d6+1 Bludgeoning","Charge: If the sea horse moves at least 20 ft. straight toward a target and then hits it with a ram attack on the same turn the target takes an extra 7 (2d6) bludgeoning damage. If the target is a creature it must succeed on a DC 11 Strength saving throw or be knocked prone.; Water Breathing: The sea horse can breathe only underwater.","beast; unaligned","SRD 5.1"
"135","Giant Shark","5.0","1800","126","13","23","11","21","1","10","5","Bite: +9; 3d10+6 Piercing","Blood Frenzy: The shark has advantage on melee attack rolls against any creature that doesn't have all its hit points.; Water Breathing: The shark can breathe only underwater.","beast; unaligned","SRD 5.1"
"136","Giant Spider","1.0","200","26","14","14","16","12","2","11","4","Bite: +5; 1d8+3 Piercing; Web: +5","Spider Climb: The spider can climb difficult surfaces including upside down on ceilings without needing to make an ability check.; Web Sense: While in contact with a web the spider knows the exact location of any other creature in contact with the same web.; Web Walker: The spider ignores movement restrictions caused by webbing.","beast; unaligned","SRD 5.1"
"137","Giant Toad","1.0","200","39","11","15","13","13","2","10","3","Bite: +4; 1d10+2 Piercing + 1d10 Poison; Swallow","Amphibious: The toad can breathe air and water; Standing Leap: The toad's long jump is up to 20 ft. and its high jump is up to 10 ft. with or without a running start.","beast; unaligned","SRD 5.1"
"138","Giant Vulture","1.0","200","22","10","15","10","15","6","12","7","Multiattack (1 Beak, 1 Talons); Beak: +4; 2d4+2 Piercing; Talons: +4; 2d6+2 Slashing","Keen Sight and Smell: The vulture has advantage on Wisdom (Perception) checks that rely on sight or smell.; Pack Tactics: The vulture has advantage on an attack roll against a creature if at least one of the vulture's allies is within 5 ft. of the creature and the ally isn't incapacitated.","beast; neutral evil","SRD 5.1"
"139","Giant Wasp","0.5","100","13","12","10","14","10","1","10","3","Sting: +4; 1d6+2 Piercing","","beast; unaligned","SRD 5.1"
"140","Giant Weasel","0.125","25","9","13","11","16","10","4","12","5","Bite: +5; 1d4+3 Piercing","Keen Hearing and Smell: The weasel has advantage on Wisdom (Perception) checks that rely on hearing or smell.","beast; unaligned","SRD 5.1"
"141","Giant Wolf Spider","0.25","50","11","13","12","16","13","3","12","4","Bite: +3; 1d6+1 Piercing","Spider Climb: The spider can climb difficult surfaces including upside down on ceilings without needing to make an ability check.; Web Sense: While in contact with a web the spider knows the exact location of any other creature in contact with the same web.; Web Walker: The spider ignores movement restrictions caused by webbing.","beast; unaligned","SRD 5.1"
"142","Gibbering Mouther","2.0","450","67","9","10","8","16","3","10","6","Multiattack (1 Bites, 1 Blinding Spittle); Bites: +2; 5d6 Bludgeoning; Blinding Spittle","Aberrant Ground: The ground in a 10-foot radius around the mouther is doughlike difficult terrain. Each creature that starts its turn in that area must succeed on a DC 10 Strength saving throw or have its speed reduced to 0 until the start of its next turn.; Gibbering: The mouther babbles incoherently while it can see any creature and isn't incapacitated. Each creature that starts its turn within 20 feet of the mouther and can hear the gibbering must succeed on a DC 10 Wisdom saving throw. On a failure the creature can't take reactions until the start of its next turn and rolls a d8 to determine what it does during its turn. On a 1 to 4 the creature does nothing. On a 5 or 6 the creature takes no action or bonus action and uses all its movement to move in a randomly determined direction. On a 7 or 8 the creature makes a melee attack against a randomly determined creature within its reach or does nothing if it can't make such an attack.","aberration; neutral","SRD 5.1"
"143","Glabrezu","9.0","5000","157","17","20","15","21","19","17","16","Multiattack; Pincer: +9; 2d10+5 Bludgeoning; Fist: +9; 2d4+2 Bludgeoning","Innate Spellcasting: The glabrezu's spellcasting ability is Intelligence (spell save DC 16). The glabrezu can innately cast the following spells requiring no material components:\\nAt will: darkness detect magic dispel magic\\n1/day each: confusion fly power word stun; Magic Resistance: The glabrezu has advantage on saving throws against spells and other magical effects.","fiend; chaotic evil","SRD 5.1"
"144","Gladiator","5.0","1800","112","16","18","15","16","10","12","15","Multiattack; Spear: +7; Shield Bash: +7; 2d4+4 Bludgeoning","Brave: The gladiator has advantage on saving throws against being frightened.; Brute: A melee weapon deals one extra die of its damage when the gladiator hits with it (included in the attack).","humanoid; any alignment","SRD 5.1"
"145","Gnoll","0.5","100","22","15","14","12","11","6","10","7","Bite: +4; 1d4+2 Piercing; Spear: +4; Longbow: +3; 1d8+1 Piercing","Rampage: When the gnoll reduces a creature to 0 hit points with a melee attack on its turn the gnoll can take a bonus action to move up to half its speed and make a bite attack.","humanoid; chaotic evil","SRD 5.1"
"146","Goat","0.0","10","4","10","12","10","11","2","10","5","Ram: +3; 1d4+1 Bludgeoning","Charge: If the goat moves at least 20 ft. straight toward a target and then hits it with a ram attack on the same turn the target takes an extra 2 (1d4) bludgeoning damage. If the target is a creature it must succeed on a DC 10 Strength saving throw or be knocked prone.; Sure-Footed: The goat has advantage on Strength and Dexterity saving throws made against effects that would knock it prone.","beast; unaligned","SRD 5.1"
"147","Goblin","0.25","50","7","15","8","14","10","10","8","8","Scimitar: +4; 1d6+2 Slashing; Shortbow: +4; 1d6+2 Piercing","Nimble Escape: The goblin can take the Disengage or Hide action as a bonus action on each of its turns.","humanoid; neutral evil","SRD 5.1"
"148","Gold Dragon Wyrmling","3.0","700","60","17","19","14","17","14","11","16","Bite: +6; 1d10+4 Piercing; Breath Weapons","Amphibious: The dragon can breathe air and water.","dragon; lawful good","SRD 5.1"
"149","Gorgon","5.0","1800","114","19","20","11","18","2","12","7","Gore: +8; 2d12+5 Piercing; Hooves: +8; 2d10+5 Bludgeoning; Petrifying Breath","Trampling Charge: If the gorgon moves at least 20 feet straight toward a creature and then hits it with a gore attack on the same turn that target must succeed on a DC 16 Strength saving throw or be knocked prone. If the target is prone the gorgon can make one attack with its hooves against it as a bonus action.","monstrosity; unaligned","SRD 5.1"
"150","Gray Ooze","0.5","100","22","8","12","6","16","1","6","2","Pseudopod: +3; 1d6+1 Bludgeoning + 2d6 Acid","Amorphous: The ooze can move through a space as narrow as 1 inch wide without squeezing.; Corrode Metal: Any nonmagical weapon made of metal that hits the ooze corrodes. After dealing damage the weapon takes a permanent and cumulative -1 penalty to damage rolls. If its penalty drops to -5 the weapon is destroyed. Nonmagical ammunition made of metal that hits the ooze is destroyed after dealing damage.\\nThe ooze can eat through 2-inch-thick nonmagical metal in 1 round.; False Appearance: While the ooze remains motionless it is indistinguishable from an oily pool or wet rock.","ooze; unaligned","SRD 5.1"
"151","Green Dragon Wyrmling","2.0","450","38","17","15","12","13","14","11","13","Bite: +4; 1d10+2 Piercing + 1d6 Poison; Poison Breath: 6d6 Poison","Amphibious: The dragon can breathe air and water.","dragon; lawful evil","SRD 5.1"
"152","Green Hag","3.0","700","82","17","18","12","16","13","14","14","Claws: +6; 2d8+4 Slashing; Illusory Appearance; Invisible Passage","Amphibious: The hag can breathe air and water.; Innate Spellcasting: The hag's innate spellcasting ability is Charisma (spell save DC 12). She can innately cast the following spells requiring no material components:\\n\\nAt will: dancing lights minor illusion vicious mockery; Mimicry: The hag can mimic animal sounds and humanoid voices. A creature that hears the sounds can tell they are imitations with a successful DC 14 Wisdom (Insight) check.","fey; neutral evil","SRD 5.1"
"153","Grick","2.0","450","27","14","14","14","11","3","14","5","Multiattack (1 Tentacles, 1 Beak); Tentacles: +4; 2d6+2 Slashing; Beak: +4; 1d6+2 Piercing","Stone Camouflage: The grick has advantage on Dexterity (Stealth) checks made to hide in rocky terrain.","monstrosity; neutral","SRD 5.1"
"154","Griffon","2.0","450","59","12","18","15","16","2","13","8","Multiattack (1 Beak, 1 Claws); Beak: +6; 1d8+4 Piercing; Claws: +6; 2d6+4 Slashing","Keen Sight: The griffon has advantage on Wisdom (Perception) checks that rely on sight.","monstrosity; unaligned","SRD 5.1"
"155","Grimlock","0.25","50","11","11","16","12","12","9","8","6","Spiked Bone Club: +5; 1d4+3 Bludgeoning + 1d4 Piercing","Blind Senses: The grimlock can't use its blindsight while deafened and unable to smell.; Keen Hearing and Smell: The grimlock has advantage on Wisdom (Perception) checks that rely on hearing or smell.; Stone Camouflage: The grimlock has advantage on Dexterity (Stealth) checks made to hide in rocky terrain.","humanoid; neutral evil","SRD 5.1"
"156","Guard","0.125","25","11","16","13","12","12","10","11","10","Spear: +3","","humanoid; any alignment","SRD 5.1"
"157","Guardian Naga","10.0","5900","127","18","19","18","16","16","19","18","Bite: +8; 1d8+4 Piercing; Spit Poison: +8","Rejuvenation: If it dies the naga returns to life in 1d6 days and regains all its hit points. Only a wish spell can prevent this trait from functioning.; Spellcasting: The naga is an 11th-level spellcaster. Its spellcasting ability is Wisdom (spell save DC 16 +8 to hit with spell attacks) and it needs only verbal components to cast its spells. It has the following cleric spells prepared:\\n\\n- Cantrips (at will): mending sacred flame thaumaturgy\\n- 1st level (4 slots): command cure wounds shield of faith\\n- 2nd level (3 slots): calm emotions hold person\\n- 3rd level (3 slots): bestow curse clairvoyance\\n- 4th level (3 slots): banishment freedom of movement\\n- 5th level (2 slots): flame strike geas\\n- 6th level (1 slot): true seeing","monstrosity; lawful good","SRD 5.1"
"158","Gynosphinx","11.0","7200","136","17","18","15","16","18","18","18","Multiattack (2 Claw); Claw: +9; 2d8+4 Slashing","Inscrutable: The sphinx is immune to any effect that would sense its emotions or read its thoughts as well as any divination spell that it refuses. Wisdom (Insight) checks made to ascertain the sphinx's intentions or sincerity have disadvantage.; Magic Weapons: The sphinx's weapon attacks are magical.; Spellcasting: The sphinx is a 9th-level spellcaster. Its spellcasting ability is Intelligence (spell save DC 16 +8 to hit with spell attacks). It requires no material components to cast its spells. The sphinx has the following wizard spells prepared:\\n\\n- Cantrips (at will): mage hand minor illusion prestidigitation\\n- 1st level (4 slots): detect magic identify shield\\n- 2nd level (3 slots): darkness locate object suggestion\\n- 3rd level (3 slots): dispel magic remove curse tongues\\n- 4th level (3 slots): banishment greater invisibility\\n- 5th level (1 slot): legend lore","monstrosity; lawful neutral","SRD 5.1"
"159","Half-Red Dragon Veteran","5.0","1800","65","18","16","13","14","10","11","10","Multiattack (2 Longsword, 1 Shortsword); Longsword: +5; Shortsword: +5; 1d6+3 Piercing; Heavy Crossbow: +3; 1d10+1 Piercing; Fire Breath: 7d6 Fire","","humanoid; any alignment","SRD 5.1"
"160","Harpy","1.0","200","38","11","12","13","12","7","10","13","Multiattack (1 Claws, 1 Club); Claws: +3; 2d4+1 Slashing; Club: +3; 1d4+1 Bludgeoning; Luring Song","","monstrosity; chaotic evil","SRD 5.1"
"161","Hawk","0.0","10","1","13","5","16","8","2","14","6","Talons: +5; 1 Slashing","Keen Sight: The hawk has advantage on Wisdom (Perception) checks that rely on sight.","beast; unaligned","SRD 5.1"
"162","Hell Hound","3.0","700","45","15","17","12","14","6","13","6","Bite: +5; 1d8+3 Piercing + 2d6 Fire; Fire Breath: 6d6 Fire","Keen Hearing and Smell: The hound has advantage on Wisdom (Perception) checks that rely on hearing or smell.; Pack Tactics: The hound has advantage on an attack roll against a creature if at least one of the hound's allies is within 5 ft. of the creature and the ally isn't incapacitated.","fiend; lawful evil","SRD 5.1"
"163","Hezrou","8.0","3900","136","16","19","17","20","5","12","13","Multiattack (1 Bite, 2 Claws); Bite: +7; 2d10+4 Piercing; Claws: +7; 2d6+4 Slashing","Magic Resistance: The hezrou has advantage on saving throws against spells and other magical effects.; Stench: Any creature that starts its turn within 10 feet of the hezrou must succeed on a DC 14 Constitution saving throw or be poisoned until the start of its next turn. On a successful saving throw the creature is immune to the hezrou's stench for 24 hours.","fiend; chaotic evil","SRD 5.1"
"164","Hill Giant","5.0","1800","105","13","21","8","19","5","9","6","Multiattack (2 Greatclub); Greatclub: +8; 3d8+5 Bludgeoning; Rock: +8; 3d10+5 Bludgeoning","","giant; chaotic evil","SRD 5.1"
"165","Hippogriff","1.0","200","19","11","17","13","13","2","12","8","Multiattack (1 Beak, 1 Claws); Beak: +5; 1d10+3 Piercing; Claws: +5; 2d6+3 Slashing","Keen Sight: The hippogriff has advantage on Wisdom (Perception) checks that rely on sight.","monstrosity; unaligned","SRD 5.1"
"166","Hobgoblin","0.5","100","11","18","13","12","12","10","10","9","Longsword: +3; Longbow: +3; 1d8+1 Piercing","Martial Advantage: Once per turn the hobgoblin can deal an extra 7 (2d6) damage to a creature it hits with a weapon attack if that creature is within 5 ft. of an ally of the hobgoblin that isn't incapacitated.","humanoid; lawful evil","SRD 5.1"
"167","Homunculus","0.0","10","5","13","4","15","11","10","10","7","Bite: +4; 1 Piercing","Telepathic Bond: While the homunculus is on the same plane of existence as its master it can magically convey what it senses to its master and the two can communicate telepathically.","construct; neutral","SRD 5.1"
"168","Horned Devil","11.0","7200","178","18","22","17","21","12","16","17","Multiattack; Fork: +10; 2d8+6 Piercing; Tail: +10; 1d8+6 Piercing; Hurl Flame: +7; 4d6 Fire","Devil's Sight: Magical darkness doesn't impede the devil's darkvision.; Magic Resistance: The devil has advantage on saving throws against spells and other magical effects.","fiend; lawful evil","SRD 5.1"
"169","Hunter Shark","2.0","450","45","12","18","13","15","1","10","4","Bite: +6; 2d8+4 Bludgeoning","Blood Frenzy: The shark has advantage on melee attack rolls against any creature that doesn't have all its hit points.; Water Breathing: The shark can breathe only underwater.","beast; unaligned","SRD 5.1"
"170","Hydra","8.0","3900","172","15","20","12","20","2","10","7","Multiattack (Number of Heads Bite); Bite: +8; 1d10+5 Piercing","Hold Breath: The hydra can hold its breath for 1 hour.; Multiple Heads: The hydra has five heads. While it has more than one head the hydra has advantage on saving throws against being blinded charmed deafened frightened stunned and knocked unconscious.\\nWhenever the hydra takes 25 or more damage in a single turn one of its heads dies. If all its heads die the hydra dies.\\nAt the end of its turn it grows two heads for each of its heads that died since its last turn unless it has taken fire damage since its last turn. The hydra regains 10 hit points for each head regrown in this way.; Reactive Heads: For each head the hydra has beyond one it gets an extra reaction that can be used only for opportunity attacks.; Wakeful: While the hydra sleeps at least one of its heads is awake.","monstrosity; unaligned","SRD 5.1"
"171","Hyena","0.0","10","5","11","11","13","12","2","12","5","Bite: +2; 1d6 Piercing","Pack Tactics: The hyena has advantage on an attack roll against a creature if at least one of the hyena's allies is within 5 ft. of the creature and the ally isn't incapacitated.","beast; unaligned","SRD 5.1"
"172","Ice Devil","14.0","11500","180","18","21","14","18","18","15","18","Multiattack (1 Bite, 1 Claws, 1 Tail); Bite: +10; 2d6+5 Piercing + 3d6 Cold; Claws: +10; 2d4+5 Slashing + 3d6 Cold; Tail: +10; 2d6+5 Bludgeoning + 3d6 Cold; Wall of Ice","Devil's Sight: Magical darkness doesn't impede the devil's darkvision.; Magic Resistance: The devil has advantage on saving throws against spells and other magical effects.","fiend; lawful evil","SRD 5.1"
"173","Ice Mephit","0.5","100","21","11","7","13","10","9","11","12","Claws: +3; 1d4+1 Slashing + 1d4 Cold; Frost Breath: 2d4 Cold","Death Burst: When the mephit dies it explodes in a burst of jagged ice. Each creature within 5 ft. of it must make a DC 10 Dexterity saving throw taking 4 (1d8) slashing damage on a failed save or half as much damage on a successful one.; False Appearance: While the mephit remains motionless it is indistinguishable from an ordinary shard of ice.; Innate Spellcasting: The mephit can innately cast fog cloud requiring no material components. Its innate spellcasting ability is Charisma.","elemental; neutral evil","SRD 5.1"
"174","Imp","1.0","200","10","13","6","17","13","11","12","14","Sting (Bite in Beast Form): +5; 1d4+3 Piercing; Invisibility","Shapechanger: The imp can use its action to polymorph into a beast form that resembles a rat (speed 20 ft.) a raven (20 ft. fly 60 ft.) or a spider (20 ft. climb 20 ft.) or back into its true form. Its statistics are the same in each form except for the speed changes noted. Any equipment it is wearing or carrying isn't transformed. It reverts to its true form if it dies.; Devil's Sight: Magical darkness doesn't impede the imp's darkvision.; Magic Resistance: The imp has advantage on saving throws against spells and other magical effects.","fiend; lawful evil","SRD 5.1"
"175","Invisible Stalker","6.0","2300","104","14","16","19","14","10","15","11","Multiattack (2 Slam); Slam: +6; 2d6+3 Bludgeoning","Invisibility: The stalker is invisible.; Faultless Tracker: The stalker is given a quarry by its summoner. The stalker knows the direction and distance to its quarry as long as the two of them are on the same plane of existence. The stalker also knows the location of its summoner.","elemental; neutral","SRD 5.1"
"176","Iron Golem","16.0","15000","210","20","24","9","20","3","11","1","Multiattack; Slam: +13; 3d8+7 Bludgeoning; Sword: +13; 3d10+7 Slashing; Poison Breath: 10d8 Poison","Fire Absorption: Whenever the golem is subjected to fire damage it takes no damage and instead regains a number of hit points equal to the fire damage dealt.; Immutable Form: The golem is immune to any spell or effect that would alter its form.; Magic Resistance: The golem has advantage on saving throws against spells and other magical effects.; Magic Weapons: The golem's weapon attacks are magical.","construct; unaligned","SRD 5.1"
"177","Jackal","0.0","10","3","12","8","15","11","3","12","6","Bite: +1; 1d4-1 Piercing","Keen Hearing and Smell: The jackal has advantage on Wisdom (Perception) checks that rely on hearing or smell.; Pack Tactics: The jackal has advantage on an attack roll against a creature if at least one of the jackal's allies is within 5 ft. of the creature and the ally isn't incapacitated.","beast; unaligned","SRD 5.1"
"178","Killer Whale","3.0","700","90","12","19","10","13","3","12","7","Bite: +6; 5d6+4 Piercing","Echolocation: The whale can't use its blindsight while deafened.; Hold Breath: The whale can hold its breath for 30 minutes; Keen Hearing: The whale has advantage on Wisdom (Perception) checks that rely on hearing.","beast; unaligned","SRD 5.1"
"179","Knight","3.0","700","52","18","16","11","14","11","11","15","Multiattack (2 Greatsword); Greatsword: +5; 2d6+3 Slashing; Heavy Crossbow: +2; 1d10 Piercing; Leadership","Brave: The knight has advantage on saving throws against being frightened.","humanoid; any alignment","SRD 5.1"
"180","Kobold","0.125","25","5","12","7","15","9","8","7","8","Dagger: +4; 1d4+2 Piercing; Sling: +4; 1d4+2 Bludgeoning","Sunlight Sensitivity: While in sunlight the kobold has disadvantage on attack rolls as well as on Wisdom (Perception) checks that rely on sight.; Pack Tactics: The kobold has advantage on an attack roll against a creature if at least one of the kobold's allies is within 5 ft. of the creature and the ally isn't incapacitated.","humanoid; lawful evil","SRD 5.1"
"181","Kraken","23.0","50000","472","18","30","11","25","22","18","20","Multiattack; Bite: +7; 3d8+10 Piercing; Tentacle: +7; 3d6+10 Bludgeoning; Fling; Lightning Storm: 4d10 Lightning","Amphibious: The kraken can breathe air and water.; Freedom of Movement: The kraken ignores difficult terrain and magical effects can't reduce its speed or cause it to be restrained. It can spend 5 feet of movement to escape from nonmagical restraints or being grappled.; Siege Monster: The kraken deals double damage to objects and structures.","monstrosity; chaotic evil","SRD 5.1"
"182","Lamia","4.0","1100","97","13","16","13","15","14","15","16","Multiattack; Claws: +5; 2d10+3 Slashing; Dagger: +5; 1d4+3 Piercing; Intoxicating Touch: +5","Innate Spellcasting: The lamia's innate spellcasting ability is Charisma (spell save DC 13). It can innately cast the following spells requiring no material components. At will: disguise self (any humanoid form) major image 3/day each: charm person mirror image scrying suggestion 1/day: geas","monstrosity; chaotic evil","SRD 5.1"
"183","Lemure","0.0","10","13","7","10","5","11","1","11","3","Fist: +3; 1d4 Bludgeoning","Devil's Sight: Magical darkness doesn't impede the lemure's darkvision.; Hellish Rejuvenation: A lemure that dies in the Nine Hells comes back to life with all its hit points in 1d10 days unless it is killed by a good-aligned creature with a bless spell cast on that creature or its remains are sprinkled with holy water.","fiend; lawful evil","SRD 5.1"
"184","Lich","21.0","33000","135","17","11","16","16","20","14","16","Paralyzing Touch: +12; 3d6 Cold","Legendary Resistance: If the lich fails a saving throw it can choose to succeed instead.; Rejuvenation: If it has a phylactery a destroyed lich gains a new body in 1d10 days regaining all its hit points and becoming active again. The new body appears within 5 feet of the phylactery.; Spellcasting: The lich is an 18th-level spellcaster. Its spellcasting ability is Intelligence (spell save DC 20 +12 to hit with spell attacks). The lich has the following wizard spells prepared:\\n\\n- Cantrips (at will): mage hand prestidigitation ray of frost\\n- 1st level (4 slots): detect magic magic missile shield thunderwave\\n- 2nd level (3 slots): acid arrow detect thoughts invisibility mirror image\\n- 3rd level (3 slots): animate dead counterspell dispel magic fireball\\n- 4th level (3 slots): blight dimension door\\n- 5th level (3 slots): cloudkill scrying\\n- 6th level (1 slot): disintegrate globe of invulnerability\\n- 7th level (1 slot): finger of death plane shift\\n- 8th level (1 slot): dominate monster power word stun\\n- 9th level (1 slot): power word kill; Turn Resistance: The lich has advantage on saving throws against any effect that turns undead.","undead; any evil alignment","SRD 5.1"
"185","Lion","1.0","200","26","12","17","15","13","3","12","8","Bite: +5; 1d8+3 Piercing; Claw: +5; 1d6+3 Slashing","Keen Smell: The lion has advantage on Wisdom (Perception) checks that rely on smell.; Pack Tactics: The lion has advantage on an attack roll against a creature if at least one of the lion's allies is within 5 ft. of the creature and the ally isn't incapacitated.; Pounce: If the lion moves at least 20 ft. straight toward a creature and then hits it with a claw attack on the same turn that target must succeed on a DC 13 Strength saving throw or be knocked prone. If the target is prone the lion can make one bite attack against it as a bonus action.; Running Leap: With a 10-foot running start the lion can long jump up to 25 ft..","beast; unaligned","SRD 5.1"
"186","Lizard","0.0","10","2","10","2","11","10","1","8","3","Bite: +0; 1 Piercing","","beast; unaligned","SRD 5.1"
"187","Lizardfolk","0.5","100","22","13","15","10","13","7","12","7","Multiattack; Bite: +4; 1d6+2 Piercing; Heavy Club: +4; 1d6+2 Bludgeoning; Javelin: +4; 1d6+2 Piercing; Spiked Shield: +4; 1d6+2 Piercing","Hold Breath: The lizardfolk can hold its breath for 15 minutes.","humanoid; neutral","SRD 5.1"
"188","Mage","6.0","2300","40","12","9","14","11","17","12","11","Dagger: +5; 1d4+2 Piercing","Spellcasting: The mage is a 9th-level spellcaster. Its spellcasting ability is Intelligence (spell save DC 14 +6 to hit with spell attacks). The mage has the following wizard spells prepared:\\n\\n- Cantrips (at will): fire bolt light mage hand prestidigitation\\n- 1st level (4 slots): detect magic mage armor magic missile shield\\n- 2nd level (3 slots): misty step suggestion\\n- 3rd level (3 slots): counterspell fireball fly\\n- 4th level (3 slots): greater invisibility ice storm\\n- 5th level (1 slot): cone of cold","humanoid; any alignment","SRD 5.1"
"189","Magma Mephit","0.5","100","22","11","8","12","12","7","10","10","Claws: +3; 1d4+1 Slashing + 1d4 Fire; Fire Breath: 2d6 Fire","Death Burst: When the mephit dies it explodes in a burst of lava. Each creature within 5 ft. of it must make a DC 11 Dexterity saving throw taking 7 (2d6) fire damage on a failed save or half as much damage on a successful one.; False Appearance: While the mephit remains motionless it is indistinguishable from an ordinary mound of magma.; Innate Spellcasting: The mephit can innately cast heat metal (spell save DC 10) requiring no material components. Its innate spellcasting ability is Charisma.","elemental; neutral evil","SRD 5.1"
"190","Magmin","0.5","100","9","14","7","15","12","8","11","10","Touch: +4; 2d6 Fire","Death Burst: When the magmin dies it explodes in a burst of fire and magma. Each creature within 10 ft. of it must make a DC 11 Dexterity saving throw taking 7 (2d6) fire damage on a failed save or half as much damage on a successful one. Flammable objects that aren't being worn or carried in that area are ignited.; Ignited Illumination: As a bonus action the magmin can set itself ablaze or extinguish its flames. While ablaze the magmin sheds bright light in a 10-foot radius and dim light for an additional 10 ft.","elemental; chaotic neutral","SRD 5.1"
"191","Mammoth","6.0","2300","126","13","24","9","21","3","11","6","Gore: +10; 4d8+7 Piercing; Stomp: +10; 4d10+7 Bludgeoning","Trampling Charge: If the mammoth moves at least 20 ft. straight toward a creature and then hits it with a gore attack on the same turn that target must succeed on a DC 18 Strength saving throw or be knocked prone. If the target is prone the mammoth can make one stomp attack against it as a bonus action.","beast; unaligned","SRD 5.1"
"192","Manticore","3.0","700","68","14","17","16","17","7","12","8","Multiattack; Bite: +5; 1d8+3 Piercing; Claw: +5; 1d6+3 Slashing; Tail Spike: +5; 1d8+3 Piercing","Tail Spike Regrowth: The manticore has twenty-four tail spikes. Used spikes regrow when the manticore finishes a long rest.","monstrosity; lawful evil","SRD 5.1"
"193","Marilith","16.0","15000","189","18","18","20","20","18","16","20","Multiattack (6 Longsword, 1 Tail); Longsword: +9; 2d8+4 Slashing; Tail: +9; 2d10+4 Bludgeoning; Teleport","Magic Resistance: The marilith has advantage on saving throws against spells and other magical effects.; Magic Weapons: The marilith's weapon attacks are magical.; Reactive: The marilith can take one reaction on every turn in combat.","fiend; chaotic evil","SRD 5.1"
"194","Mastiff","0.125","25","5","12","13","14","12","3","12","7","Bite: +3; 1d6+1 Piercing","Keen Hearing and Smell: The mastiff has advantage on Wisdom (Perception) checks that rely on hearing or smell.","beast; unaligned","SRD 5.1"
"195","Medusa","6.0","2300","127","15","10","15","16","12","13","15","Multiattack; Snake Hair: +5; 1d4+2 Piercing + 4d6 Poison; Shortsword: +5; 1d6+2 Piercing; Longbow: +5; 1d8+2 Piercing + 2d6 Poison","Petrifying Gaze: When a creature that can see the medusa's eyes starts its turn within 30 ft. of the medusa the medusa can force it to make a DC 14 Constitution saving throw if the medusa isn't incapacitated and can see the creature. If the saving throw fails by 5 or more the creature is instantly petrified. Otherwise a creature that fails the save begins to turn to stone and is restrained. The restrained creature must repeat the saving throw at the end of its next turn becoming petrified on a failure or ending the effect on a success. The petrification lasts until the creature is freed by the greater restoration spell or other magic.\\nUnless surprised a creature can avert its eyes to avoid the saving throw at the start of its turn. If the creature does so it can't see the medusa until the start of its next turn when it can avert its eyes again. If the creature looks at the medusa in the meantime it must immediately make the save.\\nIf the medusa sees itself reflected on a polished surface within 30 ft. of it and in an area of bright light the medusa is due to its curse affected by its own gaze.","monstrosity; lawful evil","SRD 5.1"
"196","Merfolk","0.125","25","11","11","10","13","12","11","11","12","Spear: +2","Amphibious: The merfolk can breathe air and water.","humanoid; neutral","SRD 5.1"
"197","Merrow","2.0","450","45","13","18","10","15","8","10","9","Multiattack; Bite: +6; 1d8+4 Piercing; Claws: +6; 2d4+4 Slashing; Harpoon: +6; 2d6+4 Piercing","Amphibious: The merrow can breathe air and water.","monstrosity; chaotic evil","SRD 5.1"
"198","Mimic","2.0","450","58","12","17","12","15","5","13","8","Pseudopod: +5; 1d8+3 Bludgeoning; Bite: +5; 1d8+3 Piercing + 1d8 Acid","Shapechanger: The mimic can use its action to polymorph into an object or back into its true amorphous form. Its statistics are the same in each form. Any equipment it is wearing or carrying isn 't transformed. It reverts to its true form if it dies.; Adhesive (Object Form Only): The mimic adheres to anything that touches it. A Huge or smaller creature adhered to the mimic is also grappled by it (escape DC 13). Ability checks made to escape this grapple have disadvantage.; False Appearance (Object Form Only): While the mimic remains motionless it is indistinguishable from an ordinary object.; Grappler: The mimic has advantage on attack rolls against any creature grappled by it.","monstrosity; neutral","SRD 5.1"
"199","Minotaur","3.0","700","76","14","18","11","16","6","16","9","Greataxe: +6; 2d12+4 Slashing; Gore: +6; 2d8+4 Piercing","Charge: If the minotaur moves at least 10 ft. straight toward a target and then hits it with a gore attack on the same turn the target takes an extra 9 (2d8) piercing damage. If the target is a creature it must succeed on a DC 14 Strength saving throw or be pushed up to 10 ft. away and knocked prone.; Labyrinthine Recall: The minotaur can perfectly recall any path it has traveled.; Reckless: At the start of its turn the minotaur can gain advantage on all melee weapon attack rolls it makes during that turn but attack rolls against it have advantage until the start of its next turn.","monstrosity; chaotic evil","SRD 5.1"
"200","Minotaur Skeleton","2.0","450","67","12","18","11","15","6","8","5","Greataxe: +6; 2d12+4 Slashing; Gore: +6; 2d8+4 Piercing","Charge: If the skeleton moves at least 10 feet straight toward a target and then hits it with a gore attack on the same turn the target takes an extra 9 (2d8) piercing damage. If the target is a creature it must succeed on a DC 14 Strength saving throw or be pushed up to 10 feet away and knocked prone.","undead; lawful evil","SRD 5.1"
"201","Mule","0.125","25","11","10","14","10","13","2","10","5","Hooves: +2; 1d4+2 Bludgeoning","Beast of Burden: The mule is considered to be a Large animal for the purpose of determining its carrying capacity.; Sure-Footed: The mule has advantage on Strength and Dexterity saving throws made against effects that would knock it prone.","beast; unaligned","SRD 5.1"
"202","Mummy","3.0","700","58","11","16","8","15","6","10","12","Multiattack (1 Dreadful Glare, 1 Rotting Fist); Rotting Fist: +5; 2d6+3 Bludgeoning + 3d6 Necrotic; Dreadful Glare","","undead; lawful evil","SRD 5.1"
"203","Mummy Lord","15.0","13000","97","17","18","10","17","11","18","16","Multiattack (1 Dreadful Glare, 1 Rotting Fist); Rotting Fist: +9; 3d6+4 Bludgeoning + 6d6 Necrotic; Dreadful Glare","Magic Resistance: The mummy lord has advantage on saving throws against spells and other magical effects.; Rejuvenation: A destroyed mummy lord gains a new body in 24 hours if its heart is intact regaining all its hit points and becoming active again. The new body appears within 5 feet of the mummy lord's heart.; Spellcasting: The mummy lord is a 10th-level spellcaster. Its spellcasting ability is Wisdom (spell save DC 17 +9 to hit with spell attacks). The mummy lord has the following cleric spells prepared:\\n\\n- Cantrips (at will): sacred flame thaumaturgy\\n- 1st level (4 slots): command guiding bolt shield of faith\\n- 2nd level (3 slots): hold person silence spiritual weapon\\n- 3rd level (3 slots): animate dead dispel magic\\n- 4th level (3 slots): divination guardian of faith\\n- 5th level (2 slots): contagion insect plague\\n- 6th level (1 slot): harm","undead; lawful evil","SRD 5.1"
"204","Nalfeshnee","13.0","10000","184","18","21","10","22","19","12","15","Multiattack (1 Horror Nimbus, 1 Bite, 2 Claw); Bite: +10; 5d10+5 Piercing; Claw: +10; 3d6+5 Slashing; Horror Nimbus; Teleport","Magic Resistance: The nalfeshnee has advantage on saving throws against spells and other magical effects.","fiend; chaotic evil","SRD 5.1"
"205","Night Hag","5.0","1800","112","17","18","15","16","16","14","16","Claws (Hag Form Only): +7; 2d8+4 Slashing; Change Shape; Etherealness; Nightmare Haunting","Innate Spellcasting: The hag's innate spellcasting ability is Charisma (spell save DC 14 +6 to hit with spell attacks). She can innately cast the following spells requiring no material components:\\n\\nAt will: detect magic magic missile\\n2/day each: plane shift (self only) ray of enfeeblement sleep; Magic Resistance: The hag has advantage on saving throws against spells and other magical effects.; Night Hag Items: A night hag carries two very rare magic items that she must craft for herself If either object is lost the night hag will go to great lengths to retrieve it as creating a new tool takes time and effort.\\nHeartstone: This lustrous black gem allows a night hag to become ethereal while it is in her possession. The touch of a heartstone also cures any disease. Crafting a heartstone takes 30 days.\\nSoul Bag: When an evil humanoid dies as a result of a night hag's Nightmare Haunting the hag catches the soul in this black sack made of stitched flesh. A soul bag can hold only one evil soul at a time and only the night hag who crafted the bag can catch a soul with it. Crafting a soul bag takes 7 days and a humanoid sacrifice (whose flesh is used to make the bag).","fiend; neutral evil","SRD 5.1"
"206","Nightmare","3.0","700","68","13","18","15","16","10","13","15","Hooves: +6; 2d8+4 Bludgeoning + 2d6 Fire; Ethereal Stride","Confer Fire Resistance: The nightmare can grant resistance to fire damage to anyone riding it.; Illumination: The nightmare sheds bright light in a 10-foot radius and dim light for an additional 10 feet.","fiend; neutral evil","SRD 5.1"
"207","Noble","0.125","25","9","15","11","12","11","12","14","16","Rapier: +3; 1d8+1 Bludgeoning","","humanoid; any alignment","SRD 5.1"
"208","Ochre Jelly","2.0","450","45","8","15","6","14","2","6","1","Pseudopod: +4; 2d6+2 Bludgeoning + 1d6 Acid","Amorphous: The jelly can move through a space as narrow as 1 inch wide without squeezing.; Spider Climb: The jelly can climb difficult surfaces including upside down on ceilings without needing to make an ability check.","ooze; unaligned","SRD 5.1"
"209","Octopus","0.0","10","3","12","4","15","11","3","10","4","Tentacles: +4; 1 Bludgeoning; Ink Cloud: +0","Hold Breath: While out of water the octopus can hold its breath for 30 minutes.; Underwater Camouflage: The octopus has advantage on Dexterity (Stealth) checks made while underwater.; Water Breathing: The octopus can breathe only underwater.","beast; unaligned","SRD 5.1"
"210","Ogre","2.0","450","59","11","19","8","16","5","7","7","Greatclub: +6; 2d8+4 Bludgeoning; Javelin: +6; 2d6+4 Piercing","","giant; chaotic evil","SRD 5.1"
"211","Ogre Zombie","2.0","450","85","8","19","6","18","3","6","5","Morningstar: +6; 2d8+4 Bludgeoning","Undead Fortitude: If damage reduces the zombie to 0 hit points it must make a Constitution saving throw with a DC of 5+the damage taken unless the damage is radiant or from a critical hit. On a success the zombie drops to 1 hit point instead.","undead; neutral evil","SRD 5.1"
"212","Oni","7.0","2900","110","16","19","11","16","14","12","15","Multiattack; Claw (Oni Form Only): +7; 1d8+4 Slashing; Glaive: +7; 2d10+4 Slashing; Change Shape","Innate Spellcasting: The oni's innate spellcasting ability is Charisma (spell save DC 13). The oni can innately cast the following spells requiring no material components:\\n\\nAt will: darkness invisibility\\n1/day each: charm person cone of cold gaseous form sleep; Magic Weapons: The oni's weapon attacks are magical.; Regeneration: The oni regains 10 hit points at the start of its turn if it has at least 1 hit point.","giant; lawful evil","SRD 5.1"
"213","Orc","0.5","100","15","13","16","12","16","7","11","10","Greataxe: +5; 1d12+3 Slashing; Javelin: +5; 1d6+3 Piercing","Aggressive: As a bonus action the orc can move up to its speed toward a hostile creature that it can see.","humanoid; chaotic evil","SRD 5.1"
"214","Otyugh","5.0","1800","114","14","16","11","19","6","13","6","Multiattack (1 Bite, 2 Tentacle); Bite: +6; 2d8+3 Piercing; Tentacle: +6; 1d8+3 Bludgeoning + 1d8 Piercing; Tentacle Slam","Limited Telepathy: The otyugh can magically transmit simple messages and images to any creature within 120 ft. of it that can understand a language. This form of telepathy doesn't allow the receiving creature to telepathically respond.","aberration; neutral","SRD 5.1"
"215","Owl","0.0","10","1","11","3","13","8","2","12","7","Talons: +3; 1 Slashing","Flyby: The owl doesn't provoke opportunity attacks when it flies out of an enemy's reach.; Keen Hearing and Sight: The owl has advantage on Wisdom (Perception) checks that rely on hearing or sight.","beast; unaligned","SRD 5.1"
"216","Owlbear","3.0","700","59","13","20","12","17","3","12","7","Multiattack (1 Beak, 1 Claws); Beak: +7; 1d10+5 Piercing; Claws: +7; 2d8+5 Slashing","Keen Sight and Smell: The owlbear has advantage on Wisdom (Perception) checks that rely on sight or smell.","monstrosity; unaligned","SRD 5.1"
"217","Panther","0.25","50","13","12","14","15","10","3","14","7","Bite: +4; 1d6+2 Piercing; Claw: +4; 1d4+2 Slashing","Keen Smell: The panther has advantage on Wisdom (Perception) checks that rely on smell.; Pounce: If the panther moves at least 20 ft. straight toward a creature and then hits it with a claw attack on the same turn that target must succeed on a DC 12 Strength saving throw or be knocked prone. If the target is prone the panther can make one bite attack against it as a bonus action.","beast; unaligned","SRD 5.1"
"218","Pegasus","2.0","450","59","12","18","15","16","10","15","13","Hooves: +6; 2d6+4 Bludgeoning","","celestial; chaotic good","SRD 5.1"
"219","Phase Spider","3.0","700","32","13","15","15","12","6","10","6","Bite: +4; 1d10+2 Piercing","Ethereal Jaunt: As a bonus action the spider can magically shift from the Material Plane to the Ethereal Plane or vice versa.; Spider Climb: The spider can climb difficult surfaces including upside down on ceilings without needing to make an ability check.; Web Walker: The spider ignores movement restrictions caused by webbing.","monstrosity; unaligned","SRD 5.1"
"220","Pit Fiend","20.0","25000","300","19","26","14","24","22","18","24","Multiattack (1 Bite, 1 Claw, 1 Mace, 1 Tail); Bite: +14; 4d6+8 Piercing; Claw: +14; 2d8+8 Slashing; Mace: +14; 2d6+8 Bludgeoning; Tail: +14; 3d10+8 Bludgeoning","Fear Aura: Any creature hostile to the pit fiend that starts its turn within 20 feet of the pit fiend must make a DC 21 Wisdom saving throw unless the pit fiend is incapacitated. On a failed save the creature is frightened until the start of its next turn. If a creature's saving throw is successful the creature is immune to the pit fiend's Fear Aura for the next 24 hours.; Magic Resistance: The pit fiend has advantage on saving throws against spells and other magical effects.; Magic Weapons: The pit fiend's weapon attacks are magical.; Innate Spellcasting: The pit fiend's spellcasting ability is Charisma (spell save DC 21). The pit fiend can innately cast the following spells requiring no material components:\\nAt will: detect magic fireball\\n3/day each: hold monster wall of fire","fiend; lawful evil","SRD 5.1"
"221","Planetar","16.0","15000","200","19","24","20","24","19","22","25","Multiattack (2 Greatsword); Greatsword: +12; 4d6+7 Slashing + 5d8 Radiant; Healing Touch","Angelic Weapons: The planetar's weapon attacks are magical. When the planetar hits with any weapon the weapon deals an extra 5d8 radiant damage (included in the attack).; Divine Awareness: The planetar knows if it hears a lie.; Innate Spellcasting: The planetar's spellcasting ability is Charisma (spell save DC 20). The planetar can innately cast the following spells requiring no material components:\\nAt will: detect evil and good invisibility (self only)\\n3/day each: blade barrier dispel evil and good flame strike raise dead\\n1/day each: commune control weather insect plague; Magic Resistance: The planetar has advantage on saving throws against spells and other magical effects.","celestial; lawful good","SRD 5.1"
"222","Plesiosaurus","2.0","450","68","13","18","15","16","2","12","5","Bite: +6; 3d6+4 Bludgeoning","Hold Breath: The plesiosaurus can hold its breath for 1 hour.","beast; unaligned","SRD 5.1"
"223","Poisonous Snake","0.125","25","2","13","2","16","11","1","10","3","Bite: +5; 1 Piercing","","beast; unaligned","SRD 5.1"
"224","Polar Bear","2.0","450","42","12","20","10","16","2","13","7","Multiattack (1 Bite, 1 Claws); Bite: +7; 1d8+5 Piercing; Claws: +7; 2d6+5 Slashing","Keen Smell: The bear has advantage on Wisdom (Perception) checks that rely on smell.","beast; unaligned","SRD 5.1"
"225","Pony","0.125","25","11","10","15","10","13","2","11","7","Hooves: +4; 2d4+2 Bludgeoning","","beast; unaligned","SRD 5.1"
"226","Priest","2.0","450","27","13","10","10","12","13","16","13","Mace: +2; 1d6 Bludgeoning","Divine Eminence: As a bonus action the priest can expend a spell slot to cause its melee weapon attacks to magically deal an extra 10 (3d6) radiant damage to a target on a hit. This benefit lasts until the end of the turn. If the priest expends a spell slot of 2nd level or higher the extra damage increases by 1d6 for each level above 1st.; Spellcasting: The priest is a 5th-level spellcaster. Its spellcasting ability is Wisdom (spell save DC 13 +5 to hit with spell attacks). The priest has the following cleric spells prepared:\\n\\n- Cantrips (at will): light sacred flame thaumaturgy\\n- 1st level (4 slots): cure wounds guiding bolt sanctuary\\n- 2nd level (3 slots): lesser restoration spiritual weapon\\n- 3rd level (2 slots): dispel magic spirit guardians","humanoid; any alignment","SRD 5.1"
"227","Pseudodragon","0.25","50","7","13","6","15","13","10","12","10","Bite: +4; 1d4+2 Piercing; Sting: +4; 1d4+2 Piercing","Keen Senses: The pseudodragon has advantage on Wisdom (Perception) checks that rely on sight hearing or smell.; Magic Resistance: The pseudodragon has advantage on saving throws against spells and other magical effects.; Limited Telepathy: The pseudodragon can magically communicate simple ideas emotions and images telepathically with any creature within 100 ft. of it that can understand a language.","dragon; neutral good","SRD 5.1"
"228","Purple Worm","15.0","13000","247","18","28","7","22","1","8","4","Multiattack (1 Bite, 1 Tail Stinger); Bite: +9; 3d8+9 Piercing; Tail Stinger: +9; 3d6+9 Piercing","Tunneler: The worm can burrow through solid rock at half its burrow speed and leaves a 10-foot-diameter tunnel in its wake.","monstrosity; unaligned","SRD 5.1"
"229","Quasit","1.0","200","7","13","5","17","10","7","10","10","Claw (Bite in Beast Form): +4; 1d4+3 Piercing; Scare; Invisibility","Shapechanger: The quasit can use its action to polymorph into a beast form that resembles a bat (speed 10 ft. fly 40 ft.) a centipede (40 ft. climb 40 ft.) or a toad (40 ft. swim 40 ft.) or back into its true form . Its statistics are the same in each form except for the speed changes noted. Any equipment it is wearing or carrying isn't transformed . It reverts to its true form if it dies.; Magic Resistance: The quasit has advantage on saving throws against spells and other magical effects.","fiend; chaotic evil","SRD 5.1"
"230","Quipper","0.0","10","1","13","2","16","9","1","7","2","Bite: +5; 1 Piercing","Blood Frenzy: The quipper has advantage on melee attack rolls against any creature that doesn't have all its hit points.; Water Breathing: The quipper can breathe only underwater.","beast; unaligned","SRD 5.1"
"231","Rakshasa","13.0","10000","110","16","14","17","18","13","16","20","Multiattack (2 Claw); Claw: +7; 2d6+2 Slashing","Limited Magic Immunity: The rakshasa can't be affected or detected by spells of 6th level or lower unless it wishes to be. It has advantage on saving throws against all other spells and magical effects.; Innate Spellcasting: The rakshasa's innate spellcasting ability is Charisma (spell save DC 18 +10 to hit with spell attacks). The rakshasa can innately cast the following spells requiring no material components:\\n\\nAt will: detect thoughts disguise self mage hand minor illusion\\n3/day each: charm person detect magic invisibility major image suggestion\\n1/day each: dominate person fly plane shift true seeing","fiend; lawful evil","SRD 5.1"
"232","Rat","0.0","10","1","10","2","11","9","2","10","4","Bite: +0; 1 Piercing","Keen Smell: The rat has advantage on Wisdom (Perception) checks that rely on smell.","beast; unaligned","SRD 5.1"
"233","Raven","0.0","10","1","12","2","14","8","2","12","6","Beak: +4; 1 Piercing","Mimicry: The raven can mimic simple sounds it has heard such as a person whispering a baby crying or an animal chittering. A creature that hears the sounds can tell they are imitations with a successful DC 10 Wisdom (Insight) check.","beast; unaligned","SRD 5.1"
"234","Red Dragon Wyrmling","4.0","1100","75","17","19","10","17","12","11","15","Bite: +6; 1d10+4 Piercing + 1d6 Fire; Fire Breath: 7d6 Fire","","dragon; chaotic evil","SRD 5.1"
"235","Reef Shark","0.5","100","22","12","14","13","13","1","10","4","Bite: +4; 1d8+2 Piercing","Pack Tactics: The shark has advantage on an attack roll against a creature if at least one of the shark's allies is within 5 ft. of the creature and the ally isn't incapacitated.; Water Breathing: The shark can breathe only underwater.","beast; unaligned","SRD 5.1"
"236","Remorhaz","11.0","7200","195","17","24","13","21","4","10","5","Bite: +11; 6d10+7 Piercing + 3d6 Fire; Swallow","Heated Body: A creature that touches the remorhaz or hits it with a melee attack while within 5 feet of it takes 10 (3d6) fire damage.","monstrosity; unaligned","SRD 5.1"
"237","Rhinoceros","2.0","450","45","11","21","8","15","2","12","6","Gore: +7; 2d8+5 Bludgeoning","Charge: If the rhinoceros moves at least 20 ft. straight toward a target and then hits it with a gore attack on the same turn the target takes an extra 9 (2d8) bludgeoning damage. If the target is a creature it must succeed on a DC 15 Strength saving throw or be knocked prone.","beast; unaligned","SRD 5.1"
"238","Riding Horse","0.25","25","13","10","16","10","12","2","11","7","Hooves: +5; 2d4+3 Bludgeoning","","beast; unaligned","SRD 5.1"
"239","Roc","11.0","7200","248","15","28","10","20","3","10","9","Multiattack (1 Beak, 1 Talons); Beak: +13; 4d8+9 Piercing; Talons: +13; 4d6+9 Slashing","Keen Sight: The roc has advantage on Wisdom (Perception) checks that rely on sight.","monstrosity; unaligned","SRD 5.1"
"240","Roper","5.0","1800","93","20","18","8","17","7","16","6","Multiattack (4 Tendril, 1 Reel, 1 Bite); Bite: +7; 4d8+4 Piercing; Tendril: +7; Reel","False Appearance: While the roper remains motionless it is indistinguishable from a normal cave formation such as a stalagmite.; Grasping Tendrils: The roper can have up to six tendrils at a time. Each tendril can be attacked (AC 20; 10 hit points; immunity to poison and psychic damage). Destroying a tendril deals no damage to the roper which can extrude a replacement tendril on its next turn. A tendril can also be broken if a creature takes an action and succeeds on a DC 15 Strength check against it.; Spider Climb: The roper can climb difficult surfaces including upside down on ceilings without needing to make an ability check.","monstrosity; neutral evil","SRD 5.1"
"241","Rug of Smothering","2.0","450","33","12","17","14","10","1","3","1","Smother: +5","Antimagic Susceptibility: The rug is incapacitated while in the area of an antimagic field. If targeted by dispel magic the rug must succeed on a Constitution saving throw against the caster's spell save DC or fall unconscious for 1 minute.; Damage Transfer: While it is grappling a creature the rug takes only half the damage dealt to it and the creature grappled by the rug takes the other half.; False Appearance: While the rug remains motionless it is indistinguishable from a normal rug.","construct; unaligned","SRD 5.1"
"242","Rust Monster","0.5","100","27","14","13","12","13","2","13","6","Bite: +3; 1d8+1 Piercing; Antennae","Iron Scent: The rust monster can pinpoint by scent the location of ferrous metal within 30 feet of it.; Rust Metal: Any nonmagical weapon made of metal that hits the rust monster corrodes. After dealing damage the weapon takes a permanent and cumulative -1 penalty to damage rolls. If its penalty drops to -5 the weapon is destroyed. Nonmagical ammunition made of metal that hits the rust monster is destroyed after dealing damage.","monstrosity; unaligned","SRD 5.1"
"243","Saber-Toothed Tiger","2.0","450","52","12","18","14","15","3","12","8","Bite: +6; 1d10+5 Piercing; Claw: +6; 2d6+5 Slashing","Keen Smell: The tiger has advantage on Wisdom (Perception) checks that rely on smell.; Pounce: If the tiger moves at least 20 ft. straight toward a creature and then hits it with a claw attack on the same turn that target must succeed on a DC 14 Strength saving throw or be knocked prone. If the target is prone the tiger can make one bite attack against it as a bonus action.","beast; unaligned","SRD 5.1"
"244","Sahuagin","0.5","100","22","12","13","11","12","12","13","9","Multiattack; Bite: +3; 1d4+1 Piercing; Claws: +3; 1d4+1 Slashing; Spear: +3","Blood Frenzy: The sahuagin has advantage on melee attack rolls against any creature that doesn't have all its hit points.; Limited Amphibiousness: The sahuagin can breathe air and water but it needs to be submerged at least once every 4 hours to avoid suffocating.; Shark Telepathy: The sahuagin can magically command any shark within 120 feet of it using a limited telepathy.","humanoid; lawful evil","SRD 5.1"
"245","Salamander","5.0","1800","90","15","18","14","15","11","10","12","Multiattack (1 Spear, 1 Tail); Spear: +7; 1d6 Fire; Tail: +7; 2d6+4 Bludgeoning + 2d6 Fire","Heated Body: A creature that touches the salamander or hits it with a melee attack while within 5 ft. of it takes 7 (2d6) fire damage.; Heated Weapons: Any metal melee weapon the salamander wields deals an extra 3 (1d6) fire damage on a hit (included in the attack).","elemental; neutral evil","SRD 5.1"
"246","Satyr","0.5","100","31","14","12","16","11","12","10","14","Ram: +3; 2d4+1 Bludgeoning; Shortsword: +5; 1d6+3 Piercing; Shortbow: +5; 1d6+3 Piercing","Magic Resistance: The satyr has advantage on saving throws against spells and other magical effects.","fey; chaotic neutral","SRD 5.1"
"247","Scorpion","0.0","10","1","11","2","11","8","1","8","2","Sting: +2; 1 Bludgeoning","","beast; unaligned","SRD 5.1"
"248","Scout","0.5","100","16","13","11","14","12","11","13","11","Multiattack; Shortsword: +4; 1d6+2 Piercing; Longbow: +4; 1d8+2 Piercing","Keen Hearing and Sight: The scout has advantage on Wisdom (Perception) checks that rely on hearing or sight.","humanoid; any alignment","SRD 5.1"
"249","Sea Hag","2.0","450","52","14","16","13","16","12","12","13","Claws: +5; 2d6+3 Slashing; Death Glare; Illusory Appearance","Amphibious: The hag can breathe air and water.; Horrific Appearance: Any humanoid that starts its turn within 30 feet of the hag and can see the hag's true form must make a DC 11 Wisdom saving throw. On a failed save the creature is frightened for 1 minute. A creature can repeat the saving throw at the end of each of its turns with disadvantage if the hag is within line of sight ending the effect on itself on a success. If a creature's saving throw is successful or the effect ends for it the creature is immune to the hag's Horrific Appearance for the next 24 hours.\\nUnless the target is surprised or the revelation of the hag's true form is sudden the target can avert its eyes and avoid making the initial saving throw. Until the start of its next turn a creature that averts its eyes has disadvantage on attack rolls against the hag.","fey; chaotic evil","SRD 5.1"
"250","Sea Horse","0.0","0","1","11","1","12","8","1","10","2","","Water Breathing: The sea horse can breathe only underwater.","beast; unaligned","SRD 5.1"
"251","Shadow","0.5","100","16","12","6","14","13","6","10","8","Strength Drain: +4; 2d6+2 Necrotic","Amorphous: The shadow can move through a space as narrow as 1 inch wide without squeezing.; Shadow Stealth: While in dim light or darkness the shadow can take the Hide action as a bonus action. Its stealth bonus is also improved to +6.; Sunlight Weakness: While in sunlight the shadow has disadvantage on attack rolls ability checks and saving throws.","undead; chaotic evil","SRD 5.1"
"252","Shambling Mound","5.0","1800","136","15","18","8","16","5","10","5","Multiattack (2 Slam, 1 Engulf); Slam: +7; 2d8+4 Bludgeoning; Engulf","Lightning Absorption: Whenever the shambling mound is subjected to lightning damage it takes no damage and regains a number of hit points equal to the lightning damage dealt.","plant; unaligned","SRD 5.1"
"253","Shield Guardian","7.0","2900","142","17","18","8","18","7","10","3","Multiattack (2 Fist); Fist: +7; 2d6+4 Bludgeoning","Bound: The shield guardian is magically bound to an amulet. As long as the guardian and its amulet are on the same plane of existence the amulet's wearer can telepathically call the guardian to travel to it and the guardian knows the distance and direction to the amulet. If the guardian is within 60 feet of the amulet's wearer half of any damage the wearer takes (rounded up) is transferred to the guardian.; Regeneration: The shield guardian regains 10 hit points at the start of its turn if it has at least 1 hit. point.; Spell Storing: A spellcaster who wears the shield guardian's amulet can cause the guardian to store one spell of 4th level or lower. To do so the wearer must cast the spell on the guardian. The spell has no effect but is stored within the guardian. When commanded to do so by the wearer or when a situation arises that was predefined by the spellcaster the guardian casts the stored spell with any parameters set by the original caster requiring no components. When the spell is cast or a new spell is stored any previously stored spell is lost.","construct; unaligned","SRD 5.1"
"254","Shrieker","0.0","10","13","5","1","1","10","1","3","1","","False Appearance: While the shrieker remains motionless it is indistinguishable from an ordinary fungus.","plant; unaligned","SRD 5.1"
"255","Silver Dragon Wyrmling","2.0","450","45","17","19","10","17","12","11","15","Bite: +6; 1d10+4 Piercing; Breath Weapons","","dragon; lawful good","SRD 5.1"
"256","Skeleton","0.25","50","13","13","10","14","15","6","8","5","Shortsword: +4; 1d6+2 Piercing; Shortbow: +4; 1d6+2 Piercing","","undead; lawful evil","SRD 5.1"
"257","Solar","21.0","33000","243","21","26","22","26","25","25","30","Multiattack (2 Greatsword); Greatsword: +15; 4d6+8 Radiant + 6d8 Radiant; Slaying Longbow: +13; 2d8+6 Piercing + 6d8 Radiant; Flying Sword; Healing Touch","Angelic Weapons: The solar's weapon attacks are magical. When the solar hits with any weapon the weapon deals an extra 6d8 radiant damage (included in the attack).; Divine Awareness: The solar knows if it hears a lie.; Innate Spellcasting: The solar's spell casting ability is Charisma (spell save DC 25). It can innately cast the following spells requiring no material components:\\nAt will: detect evil and good invisibility (self only)\\n3/day each: blade barrier dispel evil and good resurrection\\n1/day each: commune control weather; Magic Resistance: The solar has advantage on saving throws against spells and other magical effects.","celestial; lawful good","SRD 5.1"
"258","Specter","1.0","200","22","12","1","14","11","10","10","11","Life Drain: +4; 3d6 Necrotic","Incorporeal Movement: The specter can move through other creatures and objects as if they were difficult terrain. It takes 5 (1d10) force damage if it ends its turn inside an object.; Sunlight Sensitivity: While in sunlight the specter has disadvantage on attack rolls as well as on Wisdom (Perception) checks that rely on sight.","undead; chaotic evil","SRD 5.1"
"259","Spider","0.0","10","1","12","2","14","8","1","10","2","Bite: +4; 1 Piercing","Spider Climb: The spider can climb difficult surfaces including upside down on ceilings without needing to make an ability check.; Web Sense: While in contact with a web the spider knows the exact location of any other creature in contact with the same web.; Web Walker: The spider ignores movement restrictions caused by webbing.","beast; unaligned","SRD 5.1"
"260","Spirit Naga","8.0","3900","75","15","18","17","14","16","15","16","Bite: +7; 1d6+4 Piercing","Rejuvenation: If it dies the naga returns to life in 1d6 days and regains all its hit points. Only a wish spell can prevent this trait from functioning.; Spellcasting: The naga is a 10th-level spellcaster. Its spellcasting ability is Intelligence (spell save DC 14 +6 to hit with spell attacks) and it needs only verbal components to cast its spells. It has the following wizard spells prepared:\\n\\n- Cantrips (at will): mage hand minor illusion ray of frost\\n- 1st level (4 slots): charm person detect magic sleep\\n- 2nd level (3 slots): detect thoughts hold person\\n- 3rd level (3 slots): lightning bolt water breathing\\n- 4th level (3 slots): blight dimension door\\n- 5th level (2 slots): dominate person","monstrosity; chaotic evil","SRD 5.1"
"261","Sprite","0.25","50","2","15","3","18","10","14","13","11","Longsword: +2; 1 Slashing; Shortbow: +6; 1 Piercing; Heart Sight; Invisibility","","fey; neutral good","SRD 5.1"
"262","Spy","1.0","200","27","12","10","15","10","12","14","16","Multiattack (2 Shortsword); Shortsword: +4; 1d6+2 Piercing; Hand Crossbow: +4; 1d6+2 Piercing","Cunning Action: On each of its turns the spy can use a bonus action to take the Dash Disengage or Hide action.; Sneak Attack (1/Turn): The spy deals an extra 7 (2d6) damage when it hits a target with a weapon attack and has advantage on the attack roll or when the target is within 5 ft. of an ally of the spy that isn't incapacitated and the spy doesn't have disadvantage on the attack roll.","humanoid; any alignment","SRD 5.1"
"263","Steam Mephit","0.25","50","21","10","5","11","10","11","10","12","Claws: +2; 1d4 Slashing + 1d4 Fire; Steam Breath: 1d8 Fire","Death Burst: When the mephit dies it explodes in a cloud of steam. Each creature within 5 ft. of the mephit must succeed on a DC 10 Dexterity saving throw or take 4 (1d8) fire damage.; Innate Spellcasting: The mephit can innately cast blur requiring no material components. Its innate spellcasting ability is Charisma.","elemental; neutral evil","SRD 5.1"
"264","Stirge","0.125","25","2","14","4","16","11","2","8","6","Blood Drain: +5; 1d4+3 Piercing","","beast; unaligned","SRD 5.1"
"265","Stone Giant","7.0","2900","126","17","23","15","20","10","12","9","Multiattack (2 Greatclub); Greatclub: +9; 3d8+6 Bludgeoning; Rock: +9; 4d10+6 Bludgeoning","Stone Camouflage: The giant has advantage on Dexterity (Stealth) checks made to hide in rocky terrain.","giant; neutral","SRD 5.1"
"266","Stone Golem","10.0","5900","178","17","22","9","20","3","11","1","Multiattack (2 Slam); Slam: +10; 3d8+6 Bludgeoning; Slow","Immutable Form: The golem is immune to any spell or effect that would alter its form.; Magic Resistance: The golem has advantage on saving throws against spells and other magical effects.; Magic Weapons: The golem's weapon attacks are magical.","construct; unaligned","SRD 5.1"
"267","Storm Giant","13.0","10000","230","16","29","14","20","16","18","18","Multiattack (2 Greatsword); Greatsword: +14; 6d6+9 Slashing; Rock: +14; 4d12+9 Bludgeoning; Lightning Strike: 12d8 Lightning","Amphibious: The giant can breathe air and water.; Innate Spellcasting: The giant's innate spellcasting ability is Charisma (spell save DC 17). It can innately cast the following spells requiring no material components:\\n\\nAt will: detect magic feather fall levitate light\\n3/day each: control weather water breathing","giant; chaotic good","SRD 5.1"
"268","Succubus/Incubus","4.0","1100","66","15","8","17","13","15","12","20","Claw (Fiend Form Only): +5; 1d6+3 Slashing; Charm; Draining Kiss: 5d10+5 Psychic; Etherealness","Telepathic Bond: The fiend ignores the range restriction on its telepathy when communicating with a creature it has charmed. The two don't even need to be on the same plane of existence.; Shapechanger: The fiend can use its action to polymorph into a Small or Medium humanoid or back into its true form. Without wings the fiend loses its flying speed. Other than its size and speed its statistics are the same in each form. Any equipment it is wearing or carrying isn't transformed. It reverts to its true form if it dies.","fiend; neutral evil","SRD 5.1"
"269","Swarm of Bats","0.25","50","22","12","5","15","10","2","12","4","Bites: +4; 2d4 Piercing","Echolocation: The swarm can't use its blindsight while deafened.; Keen Hearing: The swarm has advantage on Wisdom (Perception) checks that rely on hearing.; Swarm: The swarm can occupy another creature's space and vice versa and the swarm can move through any opening large enough for a Tiny bat. The swarm can't regain hit points or gain temporary hit points.","swarm of Tiny beasts; unaligned","SRD 5.1"
"270","Swarm of Beetles","0.5","100","22","12","3","13","10","1","7","1","Bites: +3; 4d4 Piercing","Swarm: The swarm can occupy another creature's space and vice versa and the swarm can move through any opening large enough for a Tiny insect. The swarm can't regain hit points or gain temporary hit points.","swarm of Tiny beasts; unaligned","SRD 5.1"
"271","Swarm of Centipedes","0.5","100","22","12","3","13","10","1","7","1","Bites: +3; 4d4 Piercing","Swarm: The swarm can occupy another creature's space and vice versa and the swarm can move through any opening large enough for a Tiny insect. The swarm can't regain hit points or gain temporary hit points.","swarm of Tiny beasts; unaligned","SRD 5.1"
"272","Swarm of Insects","0.5","100","22","12","3","13","10","1","7","1","Bites: +3; 4d4 Piercing","Swarm: The swarm can occupy another creature's space and vice versa and the swarm can move through any opening large enough for a Tiny insect. The swarm can't regain hit points or gain temporary hit points.","swarm of Tiny beasts; unaligned","SRD 5.1"
"273","Swarm of Poisonous Snakes","2.0","450","36","14","8","18","11","1","10","3","Bites: +6; 2d6 Piercing","Swarm: The swarm can occupy another creature's space and vice versa and the swarm can move through any opening large enough for a Tiny snake. The swarm can't regain hit points or gain temporary hit points.","swarm of Tiny beasts; unaligned","SRD 5.1"
"274","Swarm of Quippers","1.0","200","28","13","13","16","9","1","7","2","Bites: +5; 4d6 Piercing","Blood Frenzy: The swarm has advantage on melee attack rolls against any creature that doesn't have all its hit points.; Swarm: The swarm can occupy another creature's space and vice versa and the swarm can move through any opening large enough for a Tiny quipper. The swarm can't regain hit points or gain temporary hit points.; Water Breathing: The swarm can breathe only underwater.","swarm of Tiny beasts; unaligned","SRD 5.1"
"275","Swarm of Rats","0.25","50","24","10","9","11","9","2","10","3","Bites: +2; 2d6 Piercing","Keen Smell: The swarm has advantage on Wisdom (Perception) checks that rely on smell.; Swarm: The swarm can occupy another creature's space and vice versa and the swarm can move through any opening large enough for a Tiny rat. The swarm can't regain hit points or gain temporary hit points.","swarm of Tiny beasts; unaligned","SRD 5.1"
"276","Swarm of Ravens","0.25","50","24","12","6","14","8","3","12","6","Beaks: +4; 2d6 Piercing","Swarm: The swarm can occupy another creature's space and vice versa and the swarm can move through any opening large enough for a Tiny raven. The swarm can't regain hit points or gain temporary hit points.","swarm of Tiny beasts; unaligned","SRD 5.1"
"277","Swarm of Spiders","0.5","100","22","12","3","13","10","1","7","1","Bites: +3; 4d4 Piercing","Swarm: The swarm can occupy another creature's space and vice versa and the swarm can move through any opening large enough for a Tiny insect. The swarm can't regain hit points or gain temporary hit points.; Spider Climb: The swarm can climb difficult surfaces including upside down on ceilings without needing to make an ability check.; Web Sense: While in contact with a web the swarm knows the exact location of any other creature in contact with the same web.; Web Walker: The swarm ignores movement restrictions caused by webbing.","swarm of Tiny beasts; unaligned","SRD 5.1"
"278","Swarm of Wasps","0.5","100","22","12","3","13","10","1","7","1","Bites: +3; 4d4 Piercing","Swarm: The swarm can occupy another creature's space and vice versa and the swarm can move through any opening large enough for a Tiny insect. The swarm can't regain hit points or gain temporary hit points.","swarm of Tiny beasts; unaligned","SRD 5.1"
"279","Tarrasque","30.0","155000","676","25","30","11","30","3","11","11","Multiattack; Bite: +19; 4d12+10 Piercing; Claw: +19; 4d8+10 Slashing; Horns: +19; 4d10+10 Piercing; Tail: +19; 4d6+10 Bludgeoning; Frightful Presence; Swallow","Legendary Resistance: If the tarrasque fails a saving throw it can choose to succeed instead.; Magic Resistance: The tarrasque has advantage on saving throws against spells and other magical effects.; Reflective Carapace: Any time the tarrasque is targeted by a magic missile spell a line spell or a spell that requires a ranged attack roll roll a d6. On a 1 to 5 the tarrasque is unaffected. On a 6 the tarrasque is unaffected and the effect is reflected back at the caster as though it originated from the tarrasque turning the caster into the target.; Siege Monster: The tarrasque deals double damage to objects and structures.","monstrosity; unaligned","SRD 5.1"
"280","Thug","0.5","100","32","11","15","11","14","10","10","11","Multiattack (2 Mace); Mace: +4; 1d6+2 Bludgeoning; Heavy Crossbow: +2; 1d10 Piercing","Pack Tactics: The thug has advantage on an attack roll against a creature if at least one of the thug's allies is within 5 ft. of the creature and the ally isn't incapacitated.","humanoid; any non-good alignment","SRD 5.1"
"281","Tiger","1.0","200","37","12","17","15","14","3","12","8","Bite: +5; 1d10+3 Piercing; Claw: +5; 1d8+3 Slashing","Keen Smell: The tiger has advantage on Wisdom (Perception) checks that rely on smell.; Pounce: If the tiger moves at least 20 ft. straight toward a creature and then hits it with a claw attack on the same turn that target must succeed on a DC 13 Strength saving throw or be knocked prone. If the target is prone the tiger can make one bite attack against it as a bonus action.","beast; unaligned","SRD 5.1"
"282","Treant","9.0","5000","138","16","23","8","21","12","16","12","Multiattack (2 Slam); Slam: +10; 3d6+6 Bludgeoning; Rock: +10; 4d10+6 Bludgeoning; Animate Trees","False Appearance: While the treant remains motionless it is indistinguishable from a normal tree.; Siege Monster: The treant deals double damage to objects and structures.","plant; chaotic good","SRD 5.1"
"283","Tribal Warrior","0.125","25","11","12","13","11","12","8","11","8","Spear: +3","Pack Tactics: The warrior has advantage on an attack roll against a creature if at least one of the warrior's allies is within 5 ft. of the creature and the ally isn't incapacitated.","humanoid; any alignment","SRD 5.1"
"284","Triceratops","5.0","1800","95","13","22","9","17","2","11","5","Gore: +9; 4d8+6 Piercing; Stomp: +9; 3d10+6 Bludgeoning","Trampling Charge: If the triceratops moves at least 20 ft. straight toward a creature and then hits it with a gore attack on the same turn that target must succeed on a DC 13 Strength saving throw or be knocked prone. If the target is prone the triceratops can make one stomp attack against it as a bonus action.","beast; unaligned","SRD 5.1"
"285","Troll","5.0","1800","84","15","18","13","20","7","9","7","Multiattack (1 Bite, 2 Claw); Bite: +7; 1d6+4 Piercing; Claw: +7; 2d6+4 Slashing","Keen Smell: The troll has advantage on Wisdom (Perception) checks that rely on smell.; Regeneration: The troll regains 10 hit points at the start of its turn. If the troll takes acid or fire damage this trait doesn't function at the start of the troll's next turn. The troll dies only if it starts its turn with 0 hit points and doesn't regenerate.","giant; chaotic evil","SRD 5.1"
"286","Tyrannosaurus Rex","8.0","3900","136","13","25","10","19","2","12","9","Multiattack (1 Bite, 1 Tail); Bite: +10; 4d12+7 Piercing; Tail: +10; 3d8+7 Bludgeoning","","beast; unaligned","SRD 5.1"
"287","Unicorn","5.0","1800","67","12","18","14","15","11","17","16","Multiattack (1 Hooves, 1 Horn); Hooves: +7; 2d6+4 Bludgeoning; Horn: +7; 1d8+4 Piercing; Healing Touch; Teleport","Charge: If the unicorn moves at least 20 ft. straight toward a target and then hits it with a horn attack on the same turn the target takes an extra 9 (2d8) piercing damage. If the target is a creature it must succeed on a DC 15 Strength saving throw or be knocked prone.; Innate Spellcasting: The unicorn's innate spellcasting ability is Charisma (spell save DC 14). The unicorn can innately cast the following spells requiring no components:\\n\\nAt will: detect evil and good druidcraft pass without trace\\n1/day each: calm emotions dispel evil and good entangle; Magic Resistance: The unicorn has advantage on saving throws against spells and other magical effects.; Magic Weapons: The unicorn's weapon attacks are magical.","celestial; lawful good","SRD 5.1"
"288","Vampire, Vampire Form","13.0","10000","144","16","18","18","18","17","15","18","Multiattack; Unarmed Strike: +9; 1d8+4 Bludgeoning; Bite: +9; 1d6+4 Piercing + 3d6 Necrotic; Charm; Children of the Night","Shapechanger: If the vampire isn't in sun light or running water it can use its action to polymorph into a Tiny bat or a Medium cloud of mist or back into its true form.\\nWhile in bat form the vampire can't speak its walking speed is 5 feet and it has a flying speed of 30 feet. Its statistics other than its size and speed are unchanged. Anything it is wearing transforms with it but nothing it is carrying does. It reverts to its true form if it dies.\\nWhile in mist form the vampire can't take any actions speak or manipulate objects. It is weightless has a flying speed of 20 feet can hover and can enter a hostile creature's space and stop there. In addition if air can pass through a space the mist can do so without squeezing and it can't pass through water. It has advantage on Strength Dexterity and Constitution saving throws and it is immune to all nonmagical damage except the damage it takes from sunlight.; Legendary Resistance: If the vampire fails a saving throw it can choose to succeed instead.; Misty Escape: When it drops to 0 hit points outside its resting place the vampire transforms into a cloud of mist (as in the Shapechanger trait) instead of falling unconscious provided that it isn't in sunlight or running water. If it can't transform it is destroyed.\\nWhile it has 0 hit points in mist form it can't revert to its vampire form and it must reach its resting place within 2 hours or be destroyed. Once in its resting place it reverts to its vampire form. It is then paralyzed until it regains at least 1 hit point. After spending 1 hour in its resting place with 0 hit points it regains 1 hit point.; Regeneration: The vampire regains 20 hit points at the start of its turn if it has at least 1 hit point and isn't in sunlight or running water. If the vampire takes radiant damage or damage from holy water this trait doesn't function at the start of the vampire's next turn.; Spider Climb: The vampire can climb difficult surfaces including upside down on ceilings without needing to make an ability check.; Vampire Weaknesses: The vampire has the following flaws:\\nForbiddance. The vampire can't enter a residence without an invitation from one of the occupants.\\nHarmed by Running Water. The vampire takes 20 acid damage if it ends its turn in running water.\\nStake to the Heart. If a piercing weapon made of wood is driven into the vampire's heart while the vampire is incapacitated in its resting place the vampire is paralyzed until the stake is removed.\\nSunlight Hypersensitivity. The vampire takes 20 radiant damage when it starts its turn in sunlight. While in sunlight it has disadvantage on attack rolls and ability checks.","undead; lawful evil","SRD 5.1"
"289","Vampire, Bat Form","13.0","10000","144","16","18","18","18","17","15","18","Bite: +9; 1d6+4 Piercing + 3d6 Necrotic; Charm; Children of the Night","Shapechanger: If the vampire isn't in sun light or running water it can use its action to polymorph into a Tiny bat or a Medium cloud of mist or back into its true form.\\nWhile in bat form the vampire can't speak its walking speed is 5 feet and it has a flying speed of 30 feet. Its statistics other than its size and speed are unchanged. Anything it is wearing transforms with it but nothing it is carrying does. It reverts to its true form if it dies.\\nWhile in mist form the vampire can't take any actions speak or manipulate objects. It is weightless has a flying speed of 20 feet can hover and can enter a hostile creature's space and stop there. In addition if air can pass through a space the mist can do so without squeezing and it can't pass through water. It has advantage on Strength Dexterity and Constitution saving throws and it is immune to all nonmagical damage except the damage it takes from sunlight.; Legendary Resistance: If the vampire fails a saving throw it can choose to succeed instead.; Misty Escape: When it drops to 0 hit points outside its resting place the vampire transforms into a cloud of mist (as in the Shapechanger trait) instead of falling unconscious provided that it isn't in sunlight or running water. If it can't transform it is destroyed.\\nWhile it has 0 hit points in mist form it can't revert to its vampire form and it must reach its resting place within 2 hours or be destroyed. Once in its resting place it reverts to its vampire form. It is then paralyzed until it regains at least 1 hit point. After spending 1 hour in its resting place with 0 hit points it regains 1 hit point.; Regeneration: The vampire regains 20 hit points at the start of its turn if it has at least 1 hit point and isn't in sunlight or running water. If the vampire takes radiant damage or damage from holy water this trait doesn't function at the start of the vampire's next turn.; Spider Climb: The vampire can climb difficult surfaces including upside down on ceilings without needing to make an ability check.; Vampire Weaknesses: The vampire has the following flaws:\\nForbiddance. The vampire can't enter a residence without an invitation from one of the occupants.\\nHarmed by Running Water. The vampire takes 20 acid damage if it ends its turn in running water.\\nStake to the Heart. If a piercing weapon made of wood is driven into the vampire's heart while the vampire is incapacitated in its resting place the vampire is paralyzed until the stake is removed.\\nSunlight Hypersensitivity. The vampire takes 20 radiant damage when it starts its turn in sunlight. While in sunlight it has disadvantage on attack rolls and ability checks.","undead; lawful evil","SRD 5.1"
"290","Vampire, Mist Form","13.0","10000","144","16","18","18","18","17","15","18","","Shapechanger: If the vampire isn't in sun light or running water it can use its action to polymorph into a Tiny bat or a Medium cloud of mist or back into its true form.\\nWhile in bat form the vampire can't speak its walking speed is 5 feet and it has a flying speed of 30 feet. Its statistics other than its size and speed are unchanged. Anything it is wearing transforms with it but nothing it is carrying does. It reverts to its true form if it dies.\\nWhile in mist form the vampire can't take any actions speak or manipulate objects. It is weightless has a flying speed of 20 feet can hover and can enter a hostile creature's space and stop there. In addition if air can pass through a space the mist can do so without squeezing and it can't pass through water. It has advantage on Strength Dexterity and Constitution saving throws and it is immune to all nonmagical damage except the damage it takes from sunlight.; Legendary Resistance: If the vampire fails a saving throw it can choose to succeed instead.; Misty Escape: When it drops to 0 hit points outside its resting place the vampire transforms into a cloud of mist (as in the Shapechanger trait) instead of falling unconscious provided that it isn't in sunlight or running water. If it can't transform it is destroyed.\\nWhile it has 0 hit points in mist form it can't revert to its vampire form and it must reach its resting place within 2 hours or be destroyed. Once in its resting place it reverts to its vampire form. It is then paralyzed until it regains at least 1 hit point. After spending 1 hour in its resting place with 0 hit points it regains 1 hit point.; Regeneration: The vampire regains 20 hit points at the start of its turn if it has at least 1 hit point and isn't in sunlight or running water. If the vampire takes radiant damage or damage from holy water this trait doesn't function at the start of the vampire's next turn.; Spider Climb: The vampire can climb difficult surfaces including upside down on ceilings without needing to make an ability check.; Vampire Weaknesses: The vampire has the following flaws:\\nForbiddance. The vampire can't enter a residence without an invitation from one of the occupants.\\nHarmed by Running Water. The vampire takes 20 acid damage if it ends its turn in running water.\\nStake to the Heart. If a piercing weapon made of wood is driven into the vampire's heart while the vampire is incapacitated in its resting place the vampire is paralyzed until the stake is removed.\\nSunlight Hypersensitivity. The vampire takes 20 radiant damage when it starts its turn in sunlight. While in sunlight it has disadvantage on attack rolls and ability checks.","undead; lawful evil","SRD 5.1"
"291","Vampire Spawn","5.0","1800","82","15","16","16","16","11","10","12","Multiattack; Bite: +6; 1d6+3 Piercing + 2d6 Necrotic; Claws: +6; 2d4+3 Slashing","Regeneration: The vampire regains 10 hit points at the start of its turn if it has at least 1 hit point and isn't in sunlight or running water. If the vampire takes radiant damage or damage from holy water this trait doesn't function at the start of the vampire's next turn.; Spider Climb: The vampire can climb difficult surfaces including upside down on ceilings without needing to make an ability check.; Vampire Weaknesses: The vampire has the following flaws:\\nForbiddance. The vampire can't enter a residence without an invitation from one of the occupants.\\nHarmed by Running Water. The vampire takes 20 acid damage when it ends its turn in running water.\\nStake to the Heart. The vampire is destroyed if a piercing weapon made of wood is driven into its heart while it is incapacitated in its resting place.\\nSunlight Hypersensitivity. The vampire takes 20 radiant damage when it starts its turn in sunlight. While in sunlight it has disadvantage on attack rolls and ability checks.","undead; neutral evil","SRD 5.1"
"292","Veteran","3.0","700","58","17","16","13","14","10","11","10","Multiattack (2 Longsword, 2 Shortsword); Longsword: +5; Shortsword: +5; 1d6+3 Piercing; Heavy Crossbow: +3; 1d10+1 Piercing","","humanoid; any alignment","SRD 5.1"
"293","Violet Fungus","0.25","50","18","5","3","1","10","1","3","1","Multiattack (1d4 Rotting Touch); Rotting Touch: +2; 1d8 Necrotic","False Appearance: While the violet fungus remains motionless it is indistinguishable from an ordinary fungus.","plant; unaligned","SRD 5.1"
"294","Vrock","6.0","2300","104","15","17","15","18","8","13","8","Multiattack (1 Beak, 1 Talons); Beak: +6; 2d6+3 Piercing; Talons: +6; 2d10+3 Slashing; Spores; Stunning Screech","Magic Resistance: The vrock has advantage on saving throws against spells and other magical effects.","fiend; chaotic evil","SRD 5.1"
"295","Vulture","0.0","10","5","10","7","10","13","2","12","4","Beak: +2; 1d4 Piercing","Keen Sight and Smell: The vulture has advantage on Wisdom (Perception) checks that rely on sight or smell.; Pack Tactics: The vulture has advantage on an attack roll against a creature if at least one of the vulture's allies is within 5 ft. of the creature and the ally isn't incapacitated.","beast; unaligned","SRD 5.1"
"296","Warhorse","0.5","100","19","11","18","12","13","2","12","7","Hooves: +6; 2d6+4 Bludgeoning","Trampling Charge: If the horse moves at least 20 ft. straight toward a creature and then hits it with a hooves attack on the same turn that target must succeed on a DC 14 Strength saving throw or be knocked prone. If the target is prone the horse can make another attack with its hooves against it as a bonus action.","beast; unaligned","SRD 5.1"
"297","Warhorse Skeleton","0.5","100","22","13","18","12","15","2","8","5","Hooves: +6; 2d6+4 Bludgeoning","","undead; lawful evil","SRD 5.1"
"298","Water Elemental","5.0","1800","114","14","18","14","18","5","10","8","Multiattack (2 Slam); Slam: +7; 2d8+4 Bludgeoning; Whelm: 2d8+4 Bludgeoning","Water Form: The elemental can enter a hostile creature's space and stop there. It can move through a space as narrow as 1 inch wide without squeezing.; Freeze: If the elemental takes cold damage it partially freezes; its speed is reduced by 20 ft. until the end of its next turn.","elemental; neutral","SRD 5.1"
"299","Weasel","0.0","10","1","13","3","16","8","2","12","3","Bite: +5; 1 Piercing","Keen Hearing and Smell: The weasel has advantage on Wisdom (Perception) checks that rely on hearing or smell.","beast; unaligned","SRD 5.1"
"300","Werebear, Bear Form","5.0","1800","135","11","19","10","17","11","12","12","Multiattack (2 Claw); Bite: +7; 2d10+4 Piercing; Claw: +7; 2d8+4 Slashing","Shapechanger: The werebear can use its action to polymorph into a Large bear-humanoid hybrid or into a Large bear or back into its true form which is humanoid. Its statistics other than its size and AC are the same in each form. Any equipment it is wearing or carrying isn't transformed. It reverts to its true form if it dies.; Keen Smell: The werebear has advantage on Wisdom (Perception) checks that rely on smell.","humanoid; neutral good","SRD 5.1"
"301","Werebear, Human Form","5.0","1800","135","10","19","10","17","11","12","12","Multiattack (2 Greataxe); Greataxe: +7; 1d12+4 Slashing","Shapechanger: The werebear can use its action to polymorph into a Large bear-humanoid hybrid or into a Large bear or back into its true form which is humanoid. Its statistics other than its size and AC are the same in each form. Any equipment it is wearing or carrying isn't transformed. It reverts to its true form if it dies.; Keen Smell: The werebear has advantage on Wisdom (Perception) checks that rely on smell.","humanoid; neutral good","SRD 5.1"
"302","Werebear, Hybrid Form","5.0","1800","135","11","19","10","17","11","12","12","Multiattack; Bite: +7; 2d10+4 Piercing; Claw: +7; 2d8+4 Slashing; Greataxe: +7; 1d12+4 Slashing","Shapechanger: The werebear can use its action to polymorph into a Large bear-humanoid hybrid or into a Large bear or back into its true form which is humanoid. Its statistics other than its size and AC are the same in each form. Any equipment it is wearing or carrying isn't transformed. It reverts to its true form if it dies.; Keen Smell: The werebear has advantage on Wisdom (Perception) checks that rely on smell.","humanoid; neutral good","SRD 5.1"
"303","Wereboar, Boar Form","4.0","1100","78","11","17","10","15","10","11","8","Tusks: +5; 2d6+3 Slashing","Shapechanger: The wereboar can use its action to polymorph into a boar-humanoid hybrid or into a boar or back into its true form which is humanoid. Its statistics other than its AC are the same in each form. Any equipment it is wearing or carrying isn't transformed. It reverts to its true form if it dies.; Charge (Boar or Hybrid Form Only): If the wereboar moves at least 15 feet straight toward a target and then hits it with its tusks on the same turn the target takes an extra 7 (2d6) slashing damage. If the target is a creature it must succeed on a DC 13 Strength saving throw or be knocked prone.; Relentless: If the wereboar takes 14 damage or less that would reduce it to 0 hit points it is reduced to 1 hit point instead.","humanoid; neutral evil","SRD 5.1"
"304","Wereboar, Human Form","4.0","1100","78","10","17","10","15","10","11","8","Multiattack (2 Maul); Maul: +5; 2d6+3 Bludgeoning","Shapechanger: The wereboar can use its action to polymorph into a boar-humanoid hybrid or into a boar or back into its true form which is humanoid. Its statistics other than its AC are the same in each form. Any equipment it is wearing or carrying isn't transformed. It reverts to its true form if it dies.; Relentless: If the wereboar takes 14 damage or less that would reduce it to 0 hit points it is reduced to 1 hit point instead.","humanoid; neutral evil","SRD 5.1"
"305","Wereboar, Hybrid Form","4.0","1100","78","11","17","10","15","10","11","8","Multiattack; Maul: +5; 2d6+3 Bludgeoning; Tusks: +5; 2d6+3 Slashing","Shapechanger: The wereboar can use its action to polymorph into a boar-humanoid hybrid or into a boar or back into its true form which is humanoid. Its statistics other than its AC are the same in each form. Any equipment it is wearing or carrying isn't transformed. It reverts to its true form if it dies.; Charge (Boar or Hybrid Form Only): If the wereboar moves at least 15 feet straight toward a target and then hits it with its tusks on the same turn the target takes an extra 7 (2d6) slashing damage. If the target is a creature it must succeed on a DC 13 Strength saving throw or be knocked prone.; Relentless: If the wereboar takes 14 damage or less that would reduce it to 0 hit points it is reduced to 1 hit point instead.","humanoid; neutral evil","SRD 5.1"
"306","Wererat, Human Form","2.0","450","33","12","10","15","12","11","10","8","Multiattack; Shortsword: +4; 1d6+2 Piercing; Hand Crossbow: +4; 1d6+2 Piercing","Shapechanger: The wererat can use its action to polymorph into a rat-humanoid hybrid or into a giant rat or back into its true form which is humanoid. Its statistics other than its size are the same in each form. Any equipment it is wearing or carrying isn't transformed. It reverts to its true form if it dies.; Keen Smell: The wererat has advantage on Wisdom (Perception) checks that rely on smell.","humanoid; lawful evil","SRD 5.1"
"307","Wererat, Hybrid Form","2.0","450","33","12","10","15","12","11","10","8","Multiattack; Bite: +4; 1d4+2 Piercing; Shortsword: +4; 1d6+2 Piercing; Hand Crossbow: +4; 1d6+2 Piercing","Shapechanger: The wererat can use its action to polymorph into a rat-humanoid hybrid or into a giant rat or back into its true form which is humanoid. Its statistics other than its size are the same in each form. Any equipment it is wearing or carrying isn't transformed. It reverts to its true form if it dies.; Keen Smell: The wererat has advantage on Wisdom (Perception) checks that rely on smell.","humanoid; lawful evil","SRD 5.1"
"308","Wererat, Rat Form","2.0","450","33","12","10","15","12","11","10","8","Bite: +4; 1d4+2 Piercing","Shapechanger: The wererat can use its action to polymorph into a rat-humanoid hybrid or into a giant rat or back into its true form which is humanoid. Its statistics other than its size are the same in each form. Any equipment it is wearing or carrying isn't transformed. It reverts to its true form if it dies.; Keen Smell: The wererat has advantage on Wisdom (Perception) checks that rely on smell.","humanoid; lawful evil","SRD 5.1"
"309","Weretiger, Human Form","4.0","1100","120","12","17","15","16","10","13","11","Multiattack; Scimitar: +5; 1d6+3 Slashing; Longbow: +4; 1d8+2 Piercing","Shapechanger: The weretiger can use its action to polymorph into a tiger-humanoid hybrid or into a tiger or back into its true form which is humanoid. Its statistics other than its size are the same in each form. Any equipment it is wearing or carrying isn't transformed. It reverts to its true form if it dies.; Keen Hearing and Smell: The weretiger has advantage on Wisdom (Perception) checks that rely on hearing or smell.","humanoid; neutral","SRD 5.1"
"310","Weretiger, Hybrid Form","4.0","1100","120","12","17","15","16","10","13","11","Multiattack; Bite: +5; 1d10+3 Piercing; Claw: +5; 1d8+3 Slashing; Scimitar: +5; 1d6+3 Slashing; Longbow: +4; 1d8+2 Piercing","Shapechanger: The weretiger can use its action to polymorph into a tiger-humanoid hybrid or into a tiger or back into its true form which is humanoid. Its statistics other than its size are the same in each form. Any equipment it is wearing or carrying isn't transformed. It reverts to its true form if it dies.; Keen Hearing and Smell: The weretiger has advantage on Wisdom (Perception) checks that rely on hearing or smell.; Pounce: If the weretiger moves at least 15 feet straight toward a creature and then hits it with a claw attack on the same turn that target must succeed on a DC 14 Strength saving throw or be knocked prone. If the target is prone the weretiger can make one bite attack against it as a bonus action.","humanoid; neutral","SRD 5.1"
"311","Weretiger, Tiger Form","4.0","1100","120","12","17","15","16","10","13","11","Bite: +5; 1d10+3 Piercing; Claw: +5; 1d8+3 Slashing","Shapechanger: The weretiger can use its action to polymorph into a tiger-humanoid hybrid or into a tiger or back into its true form which is humanoid. Its statistics other than its size are the same in each form. Any equipment it is wearing or carrying isn't transformed. It reverts to its true form if it dies.; Keen Hearing and Smell: The weretiger has advantage on Wisdom (Perception) checks that rely on hearing or smell.; Pounce: If the weretiger moves at least 15 feet straight toward a creature and then hits it with a claw attack on the same turn that target must succeed on a DC 14 Strength saving throw or be knocked prone. If the target is prone the weretiger can make one bite attack against it as a bonus action.","humanoid; neutral","SRD 5.1"
"312","Werewolf, Human Form","3.0","700","58","11","15","13","14","10","11","10","Multiattack (2 Spear); Spear: +4","Shapechanger: The werewolf can use its action to polymorph into a wolf-humanoid hybrid or into a wolf or back into its true form which is humanoid. Its statistics other than its AC are the same in each form. Any equipment it is wearing or carrying isn't transformed. It reverts to its true form if it dies.; Keen Hearing and Smell: The werewolf has advantage on Wisdom (Perception) checks that rely on hearing or smell.","humanoid; chaotic evil","SRD 5.1"
"313","Werewolf, Hybrid Form","3.0","700","58","12","15","13","14","10","11","10","Multiattack (1 Bite, 1 Claws); Bite: +4; 1d8+2 Piercing; Claws: +4; 2d4+2 Slashing","Shapechanger: The werewolf can use its action to polymorph into a wolf-humanoid hybrid or into a wolf or back into its true form which is humanoid. Its statistics other than its AC are the same in each form. Any equipment it is wearing or carrying isn't transformed. It reverts to its true form if it dies.; Keen Hearing and Smell: The werewolf has advantage on Wisdom (Perception) checks that rely on hearing or smell.","humanoid; chaotic evil","SRD 5.1"
"314","Werewolf, Wolf Form","3.0","700","58","12","15","13","14","10","11","10","Bite: +4; 1d8+2 Piercing","Shapechanger: The werewolf can use its action to polymorph into a wolf-humanoid hybrid or into a wolf or back into its true form which is humanoid. Its statistics other than its AC are the same in each form. Any equipment it is wearing or carrying isn't transformed. It reverts to its true form if it dies.; Keen Hearing and Smell: The werewolf has advantage on Wisdom (Perception) checks that rely on hearing or smell.","humanoid; chaotic evil","SRD 5.1"
"315","White Dragon Wyrmling","2.0","450","32","16","14","10","14","5","10","11","Bite: +4; 1d10+2 Piercing + 1d4 Cold; Cold Breath: 5d8 Cold","","dragon; chaotic evil","SRD 5.1"
"316","Wight","3.0","700","45","14","15","14","16","10","13","15","Multiattack; Life Drain: +4; 1d6+2 Necrotic; Longsword: +4; Longbow: +4; 1d8+2 Piercing","Sunlight Sensitivity: While in sunlight the wight has disadvantage on attack rolls as well as on Wisdom (Perception) checks that rely on sight.","undead; neutral evil","SRD 5.1"
"317","Will-o'-Wisp","2.0","450","22","19","1","28","10","13","14","11","Shock: +4; 2d8 Lightning; Invisibility","Consume Life: As a bonus action the will-o'-wisp can target one creature it can see within 5 ft. of it that has 0 hit points and is still alive. The target must succeed on a DC 10 Constitution saving throw against this magic or die. If the target dies the will-o'-wisp regains 10 (3d6) hit points.; Ephemeral: The will-o'-wisp can't wear or carry anything.; Incorporeal Movement: The will-o'-wisp can move through other creatures and objects as if they were difficult terrain. It takes 5 (1d10) force damage if it ends its turn inside an object.; Variable Illumination: The will-o'-wisp sheds bright light in a 5- to 20-foot radius and dim light for an additional number of ft. equal to the chosen radius. The will-o'-wisp can alter the radius as a bonus action.","undead; chaotic evil","SRD 5.1"
"318","Winter Wolf","3.0","700","75","13","18","13","14","7","12","8","Bite: +6; 2d6+4 Piercing; Cold Breath: 4d8 Cold","Keen Hearing and Smell: The wolf has advantage on Wisdom (Perception) checks that rely on hearing or smell.; Pack Tactics: The wolf has advantage on an attack roll against a creature if at least one of the wolf's allies is within 5 ft. of the creature and the ally isn't incapacitated.; Snow Camouflage: The wolf has advantage on Dexterity (Stealth) checks made to hide in snowy terrain.","monstrosity; neutral evil","SRD 5.1"
"319","Wolf","0.25","50","11","13","12","15","12","3","12","6","Bite: +4; 2d4+2 Piercing","Keen Hearing and Smell: The wolf has advantage on Wisdom (Perception) checks that rely on hearing or smell.; Pack Tactics: The wolf has advantage on an attack roll against a creature if at least one of the wolf's allies is within 5 ft. of the creature and the ally isn't incapacitated.","beast; unaligned","SRD 5.1"
"320","Worg","0.5","100","26","13","16","13","13","7","11","8","Bite: +5; 2d6+3 Piercing","Keen Hearing and Smell: The worg has advantage on Wisdom (Perception) checks that rely on hearing or smell.","monstrosity; neutral evil","SRD 5.1"
"321","Wraith","5.0","1800","67","13","6","16","16","12","14","15","Life Drain: +6; 4d8+3 Necrotic; Create Specter","Incorporeal Movement: The wraith can move through other creatures and objects as if they were difficult terrain. It takes 5 (1d10) force damage if it ends its turn inside an object.; Sunlight Sensitivity: While in sunlight the wraith has disadvantage on attack rolls as well as on Wisdom (Perception) checks that rely on sight.","undead; neutral evil","SRD 5.1"
"322","Wyvern","6.0","2300","110","13","19","10","16","5","12","6","Multiattack; Bite: +7; 2d6+4 Piercing; Claws: +7; 2d8+4 Slashing; Stinger: +7; 2d6+4 Piercing","","dragon; unaligned","SRD 5.1"
"323","Xorn","5.0","1800","73","19","17","10","22","11","10","11","Multiattack (3 Claw, 1 Bite); Bite: +6; 3d6+3 Piercing; Claw: +6; 1d6+3 Slashing","Earth Glide: The xorn can burrow through nonmagical unworked earth and stone. While doing so the xorn doesn't disturb the material it moves through.; Stone Camouflage: The xorn has advantage on Dexterity (Stealth) checks made to hide in rocky terrain.; Treasure Sense: The xorn can pinpoint by scent the location of precious metals and stones such as coins and gems within 60 ft. of it.","elemental; neutral","SRD 5.1"
"324","Young Black Dragon","7.0","2900","127","18","19","14","17","12","11","15","Multiattack (1 Bite, 2 Claw); Bite: +7; 2d10+4 Piercing + 1d8 Acid; Claw: +7; 2d6+4 Slashing; Acid Breath: 11d8 Acid","Amphibious: The dragon can breathe air and water.","dragon; chaotic evil","SRD 5.1"
"325","Young Blue Dragon","9.0","5000","152","18","21","10","19","14","13","17","Multiattack (1 Bite, 2 Claw); Bite: +9; 2d10+5 Piercing + 1d10 Lightning; Claw: +9; 2d6+5 Slashing; Lightning Breath: 10d10 Lightning","","dragon; lawful evil","SRD 5.1"
"326","Young Brass Dragon","6.0","2300","110","17","19","10","17","12","11","15","Multiattack (1 Bite, 2 Claw); Bite: +7; 2d10+4 Piercing; Claw: +7; 2d6+4 Slashing; Breath Weapons","","dragon; chaotic good","SRD 5.1"
"327","Young Bronze Dragon","8.0","3900","142","18","21","10","19","14","13","17","Multiattack (1 Bite, 2 Claw); Bite: +8; 2d10+5 Piercing; Claw: +8; 2d6+5 Slashing; Breath Weapons","Amphibious: The dragon can breathe air and water.","dragon; lawful good","SRD 5.1"
"328","Young Copper Dragon","7.0","2900","119","17","19","12","17","16","13","15","Multiattack (1 Bite, 2 Claw); Bite: +7; 2d10+4 Piercing; Claw: +7; 2d6+4 Slashing; Breath Weapons","","dragon; chaotic good","SRD 5.1"
"329","Young Gold Dragon","10.0","5900","178","18","23","14","21","16","13","20","Multiattack (1 Bite, 2 Claw); Bite: +10; 2d10+6 Piercing; Claw: +10; 2d6+6 Slashing; Breath Weapons","Amphibious: The dragon can breathe air and water.","dragon; lawful good","SRD 5.1"
"330","Young Green Dragon","8.0","3900","136","18","19","12","17","16","13","15","Multiattack (1 Bite, 2 Claw); Bite: +7; 2d10+4 Piercing + 2d6 Poison; Claw: +7; 2d6+4 Slashing; Poison Breath: 12d6 Poison","Amphibious: The dragon can breathe air and water.","dragon; lawful evil","SRD 5.1"
"331","Young Red Dragon","10.0","5900","178","18","23","10","21","14","11","19","Multiattack (1 Bite, 2 Claw); Bite: +10; 2d10+6 Piercing + 1d6 Fire; Claw: +10; 2d6+6 Slashing; Fire Breath: 16d6 Fire","","dragon; chaotic evil","SRD 5.1"
"332","Young Silver Dragon","9.0","5000","168","18","23","10","21","14","11","19","Multiattack (1 Bite, 2 Claw); Bite: +10; 2d10+6 Piercing; Claw: +10; 2d6+6 Slashing; Breath Weapons","","dragon; lawful good","SRD 5.1"
"333","Young White Dragon","6.0","2300","133","17","18","10","18","6","11","12","Multiattack (1 Bite, 2 Claw); Bite: +7; 2d10+4 Piercing + 1d8 Cold; Claw: +7; 2d6+4 Slashing; Cold Breath: 10d8 Cold","Ice Walk: The dragon can move across and climb icy surfaces without needing to make an ability check. Additionally difficult terrain composed of ice or snow doesn't cost it extra moment.","dragon; chaotic evil","SRD 5.1"
"334","Zombie","0.25","50","22","8","13","6","16","3","6","5","Slam: +3; 1d6+1 Bludgeoning","Undead Fortitude: If damage reduces the zombie to 0 hit points it must make a Constitution saving throw with a DC of 5+the damage taken unless the damage is radiant or from a critical hit. On a success the zombie drops to 1 hit point instead.","undead; neutral evil","SRD 5.1"
